22 serialization::archive 10 0 0 1997811722 2 10 200 20 0.02 1 10 0 0 60 60 -8 8 0 0 3 0 4 8 TreeNode 1 0
0 1 0
1 0 0 0 0 20 18 27 17 -1.2631578947368425 10 4
2
3 -5 2 27 -35 -0.42105263157894779 10 4
4
5 3 16 -59 49 -1.2631578947368425 10 4
6
7 -11 37 8 -44 -4.6315789473684212 10 7 12 TerminalNode 1 0
8
9 2 0 0 1 7
10
11 2 0 1 0 4
12
13 2 -8 5 -3 0.4210526315789469 10 4
14
15 12 -42 -22 14 0.4210526315789469 10 4
16
17 30 -7 15 -13 -5.4736842105263159 10 7
18
19 2 0 0 1 7
20
21 2 0 1 0 7
22
23 2 0 1 0 4
24
25 -6 -3 -20 4 0.4210526315789469 10 4
26
27 9 -9 1 -59 -4.6315789473684212 10 4
28
29 37 26 13 13 0.4210526315789469 10 7
30
31 2 0 1 0 4
32
33 -54 38 3 12 0.4210526315789469 10 7
34
35 2 0 0 1 7
36
37 2 0 1 0 7
38
39 2 0 1 0 7
40
41 2 0 1 0 4
42
43 -2 39 14 -46 -4.6315789473684212 10 4
44
45 44 -23 1 28 4.6315789473684212 10 4
46
47 57 58 0 50 0.4210526315789469 10 7
48
49 2 0 1 0 4
50
51 -36 -32 17 57 0.4210526315789469 10 4
52
53 -41 6 24 51 0.4210526315789469 10 4
54
55 -1 -25 -12 15 0.4210526315789469 10 4
56
57 14 56 5 2 -5.4736842105263159 10 7
58
59 2 0 0 1 7
60
61 2 0 1 0 7
62
63 2 0 0 1 7
64
65 2 0 0 1 4
66
67 22 20 -44 -39 -1.2631578947368425 10 7
68
69 2 0 1 0 4
70
71 12 -56 18 22 0.4210526315789469 10 4
72
73 4 -18 23 17 0.4210526315789469 10 7
74
75 2 0 0 1 7
76
77 2 0 1 0 4
78
79 -45 -22 0 35 0.4210526315789469 10 4
80
81 -7 41 6 -6 -2.9473684210526319 10 7
82
83 2 0 0 1 7
84
85 2 0 1 0 4
86
87 9 27 -43 -41 -6.3157894736842106 10 7
88
89 2 0 1 0 7
90
91 2 0 0 1 4
92
93 1 32 32 -49 -4.6315789473684212 10 7
94
95 2 0 0 1 4
96
97 -59 48 5 32 5.473684210526315 10 7
98
99 2 0 0 1 7
100
101 2 0 1 0 4
102
103 -23 23 -3 35 5.473684210526315 10 4
104
105 -59 -40 24 -17 0.4210526315789469 10 4
106
107 4 9 -15 -25 -1.2631578947368425 10 4
108
109 -12 14 17 -44 -5.4736842105263159 10 4
110
111 8 33 32 -56 -5.4736842105263159 10 7
112
113 2 0 1 0 7
114
115 2 0 0 1 4
116
117 58 20 35 -27 -4.6315789473684212 10 4
118
119 -19 44 15 26 0.4210526315789469 10 7
120
121 2 0 0 1 7
122
123 2 0 1 0 4
124
125 -35 -3 -18 -47 -2.9473684210526319 10 4
126
127 -35 17 39 10 -2.9473684210526319 10 7
128
129 2 0 0 1 7
130
131 2 0 0.9285714285714286 0.071428571428571425 4
132
133 2 -40 12 45 -1.2631578947368425 10 7
134
135 2 0 0.29545454545454547 0.70454545454545459 7
136
137 2 0 0.94145677331518041 0.058543226684819608 4
138
139 15 13 38 32 -5.4736842105263159 10 4
140
141 16 -18 7 6 0.4210526315789469 10 4
142
143 7 6 -17 22 -5.4736842105263159 10 7
144
145 2 0 0 1 4
146
147 1 -37 22 -16 2.1052631578947363 10 7
148
149 2 0 0.55000000000000004 0.45000000000000001 7
150
151 2 0 0.96969696969696972 0.030303030303030304 7
152
153 2 0 0 1 4
154
155 5 41 -2 -1 3.7894736842105257 10 4
156
157 -55 58 0 -7 3.7894736842105257 10 7
158
159 2 0 0 1 4
160
161 -23 20 23 36 0.4210526315789469 10 7
162
163 2 0 0.40000000000000002 0.59999999999999998 7
164
165 2 0 0 1 7
166
167 2 0 1 0 4
168
169 7 -21 -5 9 0.4210526315789469 10 7
170
171 2 0 1 0 7
172
173 2 0 0 1 4
174
175 18 15 -38 35 -5.4736842105263159 10 4
176
177 20 -39 -2 -3 0.4210526315789469 10 7
178
179 2 0 1 0 7
180
181 2 0 0 1 4
182
183 20 -18 36 14 -1.2631578947368425 10 7
184
185 2 0 1 0 4
186
187 16 14 23 19 -6.3157894736842106 10 4
188
189 36 -55 21 25 0.4210526315789469 10 7
190
191 2 0 0 1 7
192
193 2 0 1 0 7
194
195 2 0 0 1 4
196
197 7 -35 9 -22 0.4210526315789469 10 4
198
199 9 56 -13 6 0.4210526315789469 10 4
200
201 17 9 -51 -31 -1.2631578947368425 10 4
202
203 31 25 18 20 0.4210526315789469 10 4
204
205 -2 -11 3 -38 -0.42105263157894779 10 4
206
207 8 -10 38 53 -1.2631578947368425 10 4
208
209 -8 -20 -41 -52 -1.2631578947368425 10 4
210
211 -8 -14 -59 47 -1.2631578947368425 10 7
212
213 2 0 0 1 4
214
215 6 -4 2 55 -4.6315789473684212 10 7
216
217 2 0 0 1 7
218
219 2 0 1 0 4
220
221 -32 -50 20 -10 0.4210526315789469 10 4
222
223 -3 -50 -26 -31 -1.2631578947368425 10 7
224
225 2 0 0 1 7
226
227 2 0 0.94759825327510916 0.052401746724890827 4
228
229 -60 50 19 8 0.4210526315789469 10 7
230
231 2 0 0.96323529411764708 0.036764705882352942 7
232
233 2 0 1 0 7
234
235 2 0 0 1 4
236
237 -3 -4 16 -26 -0.42105263157894779 10 4
238
239 16 16 -7 -50 -1.2631578947368425 10 4
240
241 -1 -8 43 -57 -1.2631578947368425 10 7
242
243 2 0 1 0 4
244
245 9 -16 7 -4 0.4210526315789469 10 7
246
247 2 0 0.14285714285714285 0.8571428571428571 7
248
249 2 0 0.94008264462809921 0.059917355371900828 4
250
251 33 57 20 12 0.4210526315789469 10 4
252
253 -44 -31 -7 -4 0.4210526315789469 10 7
254
255 2 0 0.081104400345125102 0.91889559965487488 7
256
257 2 0 0.33333333333333331 0.66666666666666663 4
258
259 21 -15 28 -10 0.4210526315789469 10 7
260
261 2 0 1 0 7
262
263 2 0 0 1 4
264
265 25 -7 32 -25 -1.2631578947368425 10 4
266
267 7 -13 56 15 -1.2631578947368425 10 4
268
269 57 -24 -4 -2 0.4210526315789469 10 7
270
271 2 0 0.9538461538461539 0.046153846153846156 7
272
273 2 0 0.10000000000000001 0.90000000000000002 4
274
275 -29 -26 5 8 0.4210526315789469 10 7
276
277 2 0 0 1 7
278
279 2 0 0.43154761904761907 0.56845238095238093 4
280
281 -36 -21 -6 24 0.4210526315789469 10 4
282
283 -36 28 -4 -3 0.4210526315789469 10 7
284
285 2 0 0.050388635754489416 0.94961136424551063 7
286
287 2 0 0.86956521739130432 0.13043478260869565 4
288
289 -16 14 6 -43 -0.42105263157894779 10 7
290
291 2 0 0.23529411764705882 0.76470588235294112 7
292
293 2 0 0.95408163265306123 0.045918367346938778 4
294
295 26 17 -36 9 -0.42105263157894779 10 7
296
297 2 0 1 0 4
298
299 25 39 52 -24 -4.6315789473684212 10 4
300
301 29 -6 28 17 -1.2631578947368425 10 4
302
303 7 12 52 -10 -1.2631578947368425 10 4
304
305 -51 13 -6 -2 0.4210526315789469 10 7
306
307 2 0 1 0 7
308
309 2 0 0 1 4
310
311 -4 28 30 0 0.4210526315789469 10 7
312
313 2 0 1 0 7
314
315 2 0 0 1 4
316
317 23 -11 -20 -23 -1.2631578947368425 10 4
318
319 22 46 -33 -59 -4.6315789473684212 10 7
320
321 2 0 0.047619047619047616 0.95238095238095233 7
322
323 2 0 0.8571428571428571 0.14285714285714285 7
324
325 2 0 0 1 4
326
327 -38 2 22 41 0.4210526315789469 10 4
328
329 21 -59 33 24 0.4210526315789469 10 4
330
331 32 -6 13 16 0.4210526315789469 10 7
332
333 2 0 0.8571428571428571 0.14285714285714285 7
334
335 2 0 1 0 4
336
337 -12 -13 54 10 0.4210526315789469 10 7
338
339 2 0 1 0 7
340
341 2 0 0 1 4
342
343 2 25 26 -9 -4.6315789473684212 10 4
344
345 29 31 33 44 -6.3157894736842106 10 7
346
347 2 0 1 0 7
348
349 2 0 0 1 7
350
351 2 0 1 0 4
352
353 -17 -19 -54 -1 -0.42105263157894779 10 4
354
355 10 -10 9 -2 -1.2631578947368425 10 4
356
357 55 32 -15 -1 0.4210526315789469 10 4
358
359 4 -60 -1 2 0.4210526315789469 10 4
360
361 -14 -25 -50 18 -1.2631578947368425 10 4
362
363 -9 3 4 41 -2.9473684210526319 10 7
364
365 2 0 0 1 7
366
367 2 0 0.98275862068965514 0.017241379310344827 4
368
369 7 -5 -39 -36 -1.2631578947368425 10 7
370
371 2 0 0.23809523809523808 0.76190476190476186 7
372
373 2 0 0 1 4
374
375 29 32 -11 -2 0.4210526315789469 10 7
376
377 2 0 0 1 4
378
379 19 40 1 -32 0.4210526315789469 10 7
380
381 2 0 0.038461538461538464 0.96153846153846156 7
382
383 2 0 1 0 4
384
385 -19 -21 19 -55 -1.2631578947368425 10 4
386
387 11 -10 -27 -19 -0.42105263157894779 10 7
388
389 2 0 1 0 4
390
391 9 -8 -35 -1 -0.42105263157894779 10 7
392
393 2 0 1 0 7
394
395 2 0 0 1 4
396
397 -8 7 55 32 -1.2631578947368425 10 4
398
399 9 -18 -32 -29 -1.2631578947368425 10 7
400
401 2 0 1 0 7
402
403 2 0 0 1 4
404
405 13 32 7 -4 0.4210526315789469 10 7
406
407 2 0 0.10638297872340426 0.8936170212765957 7
408
409 2 0 0.96062992125984248 0.03937007874015748 4
410
411 -35 -45 -6 -22 0.4210526315789469 10 4
412
413 17 -32 22 -12 0.4210526315789469 10 7
414
415 2 0 0 1 7
416
417 2 0 1 0 4
418
419 -6 5 51 -5 -1.2631578947368425 10 4
420
421 -59 21 -24 -38 0.4210526315789469 10 4
422
423 -20 14 -15 5 -4.6315789473684212 10 7
424
425 2 0 0.54545454545454541 0.45454545454545453 7
426
427 2 0 1 0 4
428
429 -10 26 -11 -25 4.6315789473684212 10 7
430
431 2 0 1 0 7
432
433 2 0 0 1 7
434
435 2 0 1 0 4
436
437 -31 31 6 0 1.2631578947368425 10 4
438
439 -15 8 -51 -1 -1.2631578947368425 10 4
440
441 8 -22 6 27 0.4210526315789469 10 4
442
443 25 -53 -17 24 0.4210526315789469 10 7
444
445 2 0 0 1 4
446
447 5 24 35 -57 -4.6315789473684212 10 7
448
449 2 0 0 1 7
450
451 2 0 1 0 4
452
453 -24 -57 5 28 5.473684210526315 10 4
454
455 -12 3 14 -16 -1.2631578947368425 10 7
456
457 2 0 1 0 7
458
459 2 0 0.70833333333333337 0.29166666666666669 7
460
461 2 0 0 1 4
462
463 14 21 -52 38 -1.2631578947368425 10 4
464
465 36 19 6 2 0.4210526315789469 10 4
466
467 -4 -28 -9 3 0.4210526315789469 10 7
468
469 2 0 0 1 7
470
471 2 0 0.61538461538461542 0.38461538461538464 4
472
473 2 0 -55 30 -1.2631578947368425 10 7
474
475 2 0 0.064516129032258063 0.93548387096774188 7
476
477 2 0 1 0 4
478
479 -22 16 11 5 1.2631578947368425 10 7
480
481 2 0 0 1 4
482
483 -9 0 -18 5 -3.7894736842105265 10 7
484
485 2 0 0 1 7
486
487 2 0 1 0 4
488
489 24 2 11 -11 0.4210526315789469 10 4
490
491 -9 10 14 -12 -1.2631578947368425 10 4
492
493 6 6 -14 23 -1.2631578947368425 10 4
494
495 10 35 -15 -16 -4.6315789473684212 10 7
496
497 2 0 0.032467532467532464 0.96753246753246758 7
498
499 2 0 0.43287037037037035 0.56712962962962965 4
500
501 -49 26 -17 38 0.4210526315789469 10 7
502
503 2 0 1 0 7
504
505 2 0 0 1 4
506
507 -50 -26 -14 -18 0.4210526315789469 10 4
508
509 40 43 10 -14 0.4210526315789469 10 7
510
511 2 0 0.0030959752321981426 0.99690402476780182 7
512
513 2 0 0.25230414746543778 0.74769585253456217 4
514
515 -38 -20 44 -20 0.4210526315789469 10 7
516
517 2 0 0.8545454545454545 0.14545454545454545 7
518
519 2 0 0 1 4
520
521 28 -21 -7 -10 0.4210526315789469 10 4
522
523 19 -9 7 39 -1.2631578947368425 10 4
524
525 -1 -17 21 43 -1.2631578947368425 10 7
526
527 2 0 0.6652542372881356 0.3347457627118644 7
528
529 2 0 0.1079646017699115 0.89203539823008848 4
530
531 5 -55 15 -13 0.4210526315789469 10 7
532
533 2 0 0.0079545454545454537 0.99204545454545456 7
534
535 2 0 0.17499999999999999 0.82499999999999996 4
536
537 -40 9 16 5 0.4210526315789469 10 4
538
539 -11 -34 -9 2 0.4210526315789469 10 7
540
541 2 0 0.10697674418604651 0.89302325581395348 7
542
543 2 0 0.4560276679841897 0.5439723320158103 4
544
545 42 -57 15 -13 0.4210526315789469 10 7
546
547 2 0 0.58371040723981904 0.41628959276018102 7
548
549 2 0 0.94002998500749624 0.059970014992503748 4
550
551 4 -12 52 -40 -1.2631578947368425 10 4
552
553 -44 -53 -8 -7 0.4210526315789469 10 4
554
555 -33 32 13 15 4.6315789473684212 10 4
556
557 23 -9 -12 11 -4.6315789473684212 10 4
558
559 -59 9 -35 -13 0.4210526315789469 10 4
560
561 2 8 20 2 0.4210526315789469 10 7
562
563 2 0 1 0 7
564
565 2 0 0 1 7
566
567 2 0 0 1 4
568
569 28 59 19 -6 0.4210526315789469 10 4
570
571 15 51 8 21 4.6315789473684212 10 7
572
573 2 0 0 1 7
574
575 2 0 1 0 4
576
577 45 12 -35 -9 0.4210526315789469 10 4
578
579 -40 5 0 9 0.4210526315789469 10 7
580
581 2 0 0 1 7
582
583 2 0 1 0 4
584
585 21 -10 53 -39 -6.3157894736842106 10 7
586
587 2 0 0.16666666666666666 0.83333333333333337 7
588
589 2 0 0 1 4
590
591 19 13 26 -30 -4.6315789473684212 10 4
592
593 -10 -1 16 51 -1.2631578947368425 10 4
594
595 -12 -11 -45 15 -2.9473684210526319 10 7
596
597 2 0 0 1 4
598
599 -34 -15 18 52 -4.6315789473684212 10 7
600
601 2 0 0 1 7
602
603 2 0 1 0 4
604
605 1 -11 -9 14 -4.6315789473684212 10 7
606
607 2 0 1 0 4
608
609 15 20 60 8 -4.6315789473684212 10 7
610
611 2 0 1 0 7
612
613 2 0 0.028571428571428571 0.97142857142857142 4
614
615 -9 -4 43 -40 -5.4736842105263159 10 7
616
617 2 0 1 0 4
618
619 -2 -12 9 24 0.4210526315789469 10 4
620
621 -5 -4 -14 -35 -4.6315789473684212 10 7
622
623 2 0 0.2768361581920904 0.7231638418079096 7
624
625 2 0 0.02072538860103627 0.97927461139896377 7
626
627 2 0 1 0 4
628
629 -9 -11 -33 4 -0.42105263157894779 10 4
630
631 -18 4 -47 48 -1.2631578947368425 10 4
632
633 6 -14 -19 58 -1.2631578947368425 10 4
634
635 3 -3 -22 -23 0.4210526315789469 10 4
636
637 -25 39 0 2 0.4210526315789469 10 7
638
639 2 0 0.82978723404255317 0.1702127659574468 7
640
641 2 0 1 0 4
642
643 35 -15 57 55 -4.6315789473684212 10 7
644
645 2 0 1 0 7
646
647 2 0 0 1 4
648
649 -27 -1 -27 -5 0.4210526315789469 10 4
650
651 -14 12 -40 -12 -0.42105263157894779 10 7
652
653 2 0 1 0 7
654
655 2 0 0.84225092250922506 0.15774907749077491 4
656
657 3 -16 7 -17 -1.2631578947368425 10 7
658
659 2 0 1 0 7
660
661 2 0 0.18354430379746836 0.81645569620253167 4
662
663 12 4 -19 58 -1.2631578947368425 10 4
664
665 10 14 4 55 -1.2631578947368425 10 7
666
667 2 0 1 0 4
668
669 24 49 11 8 0.4210526315789469 10 7
670
671 2 0 0.72012578616352196 0.27987421383647798 7
672
673 2 0 0.98267898383371821 0.017321016166281754 4
674
675 -7 11 -28 -55 -1.2631578947368425 10 4
676
677 26 24 10 3 0.4210526315789469 10 7
678
679 2 0 0.20559210526315788 0.79440789473684215 7
680
681 2 0 0.58955223880597019 0.41044776119402987 4
682
683 4 -16 -56 -37 -1.2631578947368425 10 7
684
685 2 0 0.95617529880478092 0.043824701195219126 7
686
687 2 0 0 1 4
688
689 39 -29 11 15 0.4210526315789469 10 4
690
691 -17 2 -22 0 -0.42105263157894779 10 7
692
693 2 0 0 1 4
694
695 -40 51 -14 -16 0.4210526315789469 10 4
696
697 -33 -13 -48 47 -4.6315789473684212 10 7
698
699 2 0 0.066666666666666666 0.93333333333333335 7
700
701 2 0 0.94444444444444442 0.055555555555555552 4
702
703 51 -4 23 7 0.4210526315789469 10 7
704
705 2 0 0 1 7
706
707 2 0 0.35714285714285715 0.6428571428571429 4
708
709 -26 -16 52 32 -1.2631578947368425 10 4
710
711 -37 -23 30 -9 0.4210526315789469 10 7
712
713 2 0 0 1 7
714
715 2 0 1 0 7
716
717 2 0 1 0 4
718
719 59 34 -11 17 0.4210526315789469 10 4
720
721 -20 -16 -6 22 -1.2631578947368425 10 4
722
723 53 -14 -3 -11 0.4210526315789469 10 4
724
725 26 -2 -6 10 0.4210526315789469 10 4
726
727 4 13 -58 4 -4.6315789473684212 10 4
728
729 20 -8 -21 -35 -4.6315789473684212 10 7
730
731 2 0 1 0 7
732
733 2 0 0 1 4
734
735 6 12 46 -7 -4.6315789473684212 10 7
736
737 2 0 0.16666666666666666 0.83333333333333337 7
738
739 2 0 0.0020618556701030928 0.99793814432989691 4
740
741 48 54 -26 -12 0.4210526315789469 10 7
742
743 2 0 0 1 7
744
745 2 0 1 0 4
746
747 36 -36 -25 8 0.4210526315789469 10 4
748
749 1 -11 -16 -44 -0.42105263157894779 10 4
750
751 4 -8 33 48 -1.2631578947368425 10 7
752
753 2 0 0.66005665722379603 0.33994334277620397 7
754
755 2 0 1 0 4
756
757 -13 9 -31 -4 -0.42105263157894779 10 7
758
759 2 0 0.83950617283950613 0.16049382716049382 7
760
761 2 0 0 1 7
762
763 2 0 1 0 4
764
765 25 -52 18 21 0.4210526315789469 10 4
766
767 -14 -32 -18 10 0.4210526315789469 10 4
768
769 8 14 -22 -22 -1.2631578947368425 10 4
770
771 7 -8 -22 49 -1.2631578947368425 10 7
772
773 2 0 0.70512820512820518 0.29487179487179488 7
774
775 2 0 0.043154761904761904 0.95684523809523814 4
776
777 7 -18 -13 15 0.4210526315789469 10 7
778
779 2 0 0.022253129346314324 0.97774687065368571 7
780
781 2 0 0.96551724137931039 0.034482758620689655 4
782
783 -3 10 -31 -39 -1.2631578947368425 10 4
784
785 35 14 -33 12 0.4210526315789469 10 7
786
787 2 0 1 0 7
788
789 2 0 0.25148514851485149 0.74851485148514851 4
790
791 -55 0 -13 14 0.4210526315789469 10 7
792
793 2 0 0.33725490196078434 0.66274509803921566 7
794
795 2 0 0.031774051191526917 0.96822594880847312 4
796
797 2 10 39 36 -4.6315789473684212 10 7
798
799 2 0 1 0 7
800
801 2 0 0 1 4
802
803 21 -44 -19 17 0.4210526315789469 10 4
804
805 -7 -19 3 -4 0.4210526315789469 10 4
806
807 15 1 12 5 0.4210526315789469 10 4
808
809 -13 23 34 50 -1.2631578947368425 10 4
810
811 -5 47 9 9 -4.6315789473684212 10 7
812
813 2 0 0.045569620253164557 0.95443037974683542 7
814
815 2 0 0.82530120481927716 0.1746987951807229 4
816
817 -22 -8 49 -25 -2.9473684210526319 10 7
818
819 2 0 0.29999999999999999 0.69999999999999996 7
820
821 2 0 0.018235950874581318 0.9817640491254187 4
822
823 -19 -38 50 38 -4.6315789473684212 10 7
824
825 2 0 0 1 7
826
827 2 0 1 0 4
828
829 60 55 6 -7 0.4210526315789469 10 4
830
831 9 20 -37 -2 -0.42105263157894779 10 4
832
833 -10 1 22 -56 -1.2631578947368425 10 7
834
835 2 0 0.9509803921568627 0.049019607843137254 7
836
837 2 0 0.20000000000000001 0.80000000000000004 4
838
839 -46 -2 0 25 0.4210526315789469 10 7
840
841 2 0 0.54002254791431792 0.45997745208568208 7
842
843 2 0 0.11814345991561181 0.88185654008438819 4
844
845 -9 28 -16 12 -4.6315789473684212 10 4
846
847 -14 10 -29 -2 -1.2631578947368425 10 7
848
849 2 0 1 0 7
850
851 2 0 0 1 7
852
853 2 0 1 0 4
854
855 -3 12 -16 17 0.4210526315789469 10 4
856
857 16 19 -16 25 0.4210526315789469 10 4
858
859 9 -23 0 -2 0.4210526315789469 10 4
860
861 58 -57 -23 20 0.4210526315789469 10 7
862
863 2 0 0.35375191424196017 0.64624808575803983 7
864
865 2 0 0.96491228070175439 0.035087719298245612 4
866
867 27 59 5 0 0.4210526315789469 10 7
868
869 2 0 0.84138281647178448 0.15861718352821555 7
870
871 2 0 1 0 4
872
873 -22 28 -7 10 -0.42105263157894779 10 4
874
875 60 -49 -27 -7 0.4210526315789469 10 7
876
877 2 0 0.32432432432432434 0.67567567567567566 7
878
879 2 0 0.99103139013452912 0.0089686098654708519 4
880
881 -53 47 -26 31 0.4210526315789469 10 7
882
883 2 0 1 0 7
884
885 2 0 0.66666666666666663 0.33333333333333331 4
886
887 16 -13 -21 -16 0.4210526315789469 10 4
888
889 -11 -4 1 -42 -0.42105263157894779 10 4
890
891 -15 20 -11 1 2.1052631578947363 10 7
892
893 2 0 0.0021321961620469083 0.99786780383795304 7
894
895 2 0 0.28260869565217389 0.71739130434782605 4
896
897 36 48 29 10 0.4210526315789469 10 7
898
899 2 0 0 1 7
900
901 2 0 1 0 4
902
903 -3 42 11 48 -4.6315789473684212 10 4
904
905 -1 6 -1 -56 -1.2631578947368425 10 7
906
907 2 0 1 0 7
908
909 2 0 0 1 4
910
911 -7 -35 -14 -18 0.4210526315789469 10 7
912
913 2 0 0 1 7
914
915 2 0 0.94716981132075473 0.052830188679245285 4
916
917 -8 2 -42 55 -1.2631578947368425 10 4
918
919 4 -4 32 -54 -1.2631578947368425 10 7
920
921 2 0 1 0 4
922
923 5 1 34 19 -4.6315789473684212 10 4
924
925 -41 -32 -11 24 0.4210526315789469 10 4
926
927 -41 9 -13 -12 0.4210526315789469 10 7
928
929 2 0 1 0 4
930
931 44 -1 3 -13 0.4210526315789469 10 7
932
933 2 0 1 0 7
934
935 2 0 0 1 7
936
937 2 0 1 0 4
938
939 -14 24 -9 -24 0.4210526315789469 10 4
940
941 9 -27 -1 60 -1.2631578947368425 10 4
942
943 -14 -10 19 -40 -2.9473684210526319 10 4
944
945 -25 -25 33 9 -2.9473684210526319 10 7
946
947 2 0 1 0 4
948
949 -21 16 35 -43 -4.6315789473684212 10 7
950
951 2 0 0 1 7
952
953 2 0 1 0 4
954
955 -16 24 4 20 0.4210526315789469 10 7
956
957 2 0 1 0 4
958
959 18 -53 -13 4 6.3157894736842088 10 7
960
961 2 0 0 1 7
962
963 2 0 1 0 7
964
965 2 0 1 0 7
966
967 2 0 0 1 4
968
969 43 33 19 -22 0.4210526315789469 10 4
970
971 57 19 -10 -4 0.4210526315789469 10 4
972
973 12 1 -15 10 -1.2631578947368425 10 4
974
975 20 -18 -5 -58 -1.2631578947368425 10 4
976
977 6 -34 0 5 0.4210526315789469 10 4
978
979 24 -14 -18 -51 -1.2631578947368425 10 4
980
981 16 -9 -9 -9 -0.42105263157894779 10 7
982
983 2 0 0.717741935483871 0.28225806451612906 7
984
985 2 0 0.10714285714285714 0.8928571428571429 7
986
987 2 0 1 0 7
988
989 2 0 1 0 4
990
991 -6 -19 11 -29 -1.2631578947368425 10 4
992
993 33 -25 -6 -20 0.4210526315789469 10 4
994
995 -35 -55 -4 3 0.4210526315789469 10 7
996
997 2 0 0.2537313432835821 0.74626865671641796 7
998
999 2 0 1 0 4
1000
1001 -31 -38 16 -56 0.4210526315789469 10 7
1002
1003 2 0 0.97014925373134331 0.029850746268656716 7
1004
1005 2 0 0 1 4
1006
1007 -16 32 16 -20 0.4210526315789469 10 4
1008
1009 -1 7 -18 18 -1.2631578947368425 10 7
1010
1011 2 0 0.6071428571428571 0.39285714285714285 7
1012
1013 2 0 0.011799410029498525 0.98820058997050142 4
1014
1015 56 -15 10 -24 4.6315789473684212 10 7
1016
1017 2 0 0.68656716417910446 0.31343283582089554 7
1018
1019 2 0 0.059829059829059832 0.94017094017094016 4
1020
1021 14 -5 -49 6 -1.2631578947368425 10 4
1022
1023 36 -38 -5 -25 0.4210526315789469 10 4
1024
1025 -5 -24 -30 6 -1.2631578947368425 10 4
1026
1027 45 15 1 4 0.4210526315789469 10 7
1028
1029 2 0 0.45454545454545453 0.54545454545454541 7
1030
1031 2 0 0 1 7
1032
1033 2 0 0 1 4
1034
1035 13 21 3 4 0.4210526315789469 10 4
1036
1037 27 35 4 4 0.4210526315789469 10 7
1038
1039 2 0 1 0 7
1040
1041 2 0 0.5714285714285714 0.42857142857142855 4
1042
1043 -38 33 6 20 0.4210526315789469 10 7
1044
1045 2 0 0 1 7
1046
1047 2 0 1 0 4
1048
1049 12 3 48 -16 -4.6315789473684212 10 7
1050
1051 2 0 1 0 4
1052
1053 -11 5 0 -11 0.4210526315789469 10 4
1054
1055 -5 1 -54 -30 -4.6315789473684212 10 7
1056
1057 2 0 1 0 7
1058
1059 2 0 0 1 7
1060
1061 2 0 0 1 4
1062
1063 42 -41 9 -24 0.4210526315789469 10 4
1064
1065 2 -50 21 3 4.6315789473684212 10 4
1066
1067 -16 -26 44 -30 -1.2631578947368425 10 7
1068
1069 2 0 1 0 4
1070
1071 25 -55 13 -18 0.4210526315789469 10 7
1072
1073 2 0 1 0 4
1074
1075 7 -25 -17 52 -1.2631578947368425 10 7
1076
1077 2 0 0 1 7
1078
1079 2 0 0.22327044025157233 0.77672955974842772 4
1080
1081 -2 -14 -28 0 -0.42105263157894779 10 4
1082
1083 -57 -3 17 -17 0.4210526315789469 10 7
1084
1085 2 0 0 1 7
1086
1087 2 0 1 0 4
1088
1089 22 -20 36 -46 -4.6315789473684212 10 7
1090
1091 2 0 1 0 7
1092
1093 2 0 0 1 4
1094
1095 -6 -15 -27 18 -1.2631578947368425 10 4
1096
1097 -13 -5 7 -15 0.4210526315789469 10 7
1098
1099 2 0 1 0 4
1100
1101 55 47 -2 3 0.4210526315789469 10 4
1102
1103 -18 -20 10 -34 -2.9473684210526319 10 7
1104
1105 2 0 0 1 7
1106
1107 2 0 1 0 4
1108
1109 -27 3 13 -22 0.4210526315789469 10 7
1110
1111 2 0 0.072580645161290328 0.92741935483870963 7
1112
1113 2 0 0.94602272727272729 0.053977272727272728 7
1114
1115 2 0 0 1 4
1116
1117 -19 33 16 -19 0.4210526315789469 10 7
1118
1119 2 0 0 1 4
1120
1121 15 -13 -15 -55 -0.42105263157894779 10 4
1122
1123 -5 8 -35 42 -8 10 4
1124
1125 15 -23 16 25 -2.9473684210526319 10 4
1126
1127 6 -4 22 -18 -8 10 7
1128
1129 2 0 0 1 7
1130
1131 2 0 1 0 7
1132
1133 2 0 1 0 7
1134
1135 2 0 1 0 4
1136
1137 13 14 -18 -11 0.4210526315789469 10 4
1138
1139 31 -50 34 -24 0.4210526315789469 10 7
1140
1141 2 0 1 0 7
1142
1143 2 0 0 1 7
1144
1145 2 0 1 0 4
1146
1147 0 -33 -20 -17 0.4210526315789469 10 4
1148
1149 12 24 -10 30 -1.2631578947368425 10 4
1150
1151 -13 -4 -4 37 4.6315789473684212 10 4
1152
1153 -42 -30 -5 -2 0.4210526315789469 10 4
1154
1155 28 15 41 18 -1.2631578947368425 10 7
1156
1157 2 0 1 0 4
1158
1159 18 21 48 53 -1.2631578947368425 10 4
1160
1161 9 -8 19 3 0.4210526315789469 10 4
1162
1163 -1 36 46 29 -1.2631578947368425 10 4
1164
1165 2 6 -29 57 -1.2631578947368425 10 4
1166
1167 -28 29 21 -12 0.4210526315789469 10 7
1168
1169 2 0 0.5027932960893855 0.4972067039106145 7
1170
1171 2 0 0.88636363636363635 0.11363636363636363 4
1172
1173 26 -17 -27 2 -2.9473684210526319 10 7
1174
1175 2 0 1 0 7
1176
1177 2 0 0.017543859649122806 0.98245614035087714 4
1178
1179 51 39 26 45 0.4210526315789469 10 4
1180
1181 -20 46 27 -14 0.4210526315789469 10 7
1182
1183 2 0 0.80610561056105612 0.19389438943894388 7
1184
1185 2 0 1 0 4
1186
1187 6 14 40 0 -1.2631578947368425 10 7
1188
1189 2 0 1 0 7
1190
1191 2 0 0.084210526315789472 0.91578947368421049 4
1192
1193 -10 5 -5 -35 3.7894736842105257 10 4
1194
1195 33 37 -41 -2 0.4210526315789469 10 4
1196
1197 -39 4 34 0 5.473684210526315 10 7
1198
1199 2 0 1 0 7
1200
1201 2 0 0.95348837209302328 0.046511627906976744 7
1202
1203 2 0 0 1 7
1204
1205 2 0 0 1 4
1206
1207 51 23 8 -14 -4.6315789473684212 10 7
1208
1209 2 0 0 1 4
1210
1211 1 57 -8 3 0.4210526315789469 10 4
1212
1213 24 15 60 1 -1.2631578947368425 10 4
1214
1215 48 23 27 35 -4.6315789473684212 10 7
1216
1217 2 0 0 1 7
1218
1219 2 0 0.97413793103448276 0.025862068965517241 4
1220
1221 -1 -4 -6 24 -1.2631578947368425 10 7
1222
1223 2 0 0.90769230769230769 0.092307692307692313 7
1224
1225 2 0 0.078751857355126298 0.92124814264487365 4
1226
1227 2 17 44 -25 -1.2631578947368425 10 7
1228
1229 2 0 1 0 7
1230
1231 2 0 0 1 4
1232
1233 -9 3 20 -45 -1.2631578947368425 10 7
1234
1235 2 0 1 0 4
1236
1237 -4 1 49 -53 -1.2631578947368425 10 4
1238
1239 15 44 34 -41 -4.6315789473684212 10 4
1240
1241 11 28 26 -11 -4.6315789473684212 10 4
1242
1243 -3 30 3 14 0.4210526315789469 10 4
1244
1245 -4 -8 -9 -60 -1.2631578947368425 10 7
1246
1247 2 0 0.84999999999999998 0.14999999999999999 7
1248
1249 2 0 0 1 7
1250
1251 2 0 1 0 7
1252
1253 2 0 1 0 4
1254
1255 -13 21 -9 26 0.4210526315789469 10 7
1256
1257 2 0 1 0 4
1258
1259 17 -17 53 35 -1.2631578947368425 10 7
1260
1261 2 0 1 0 4
1262
1263 -47 40 11 -17 0.4210526315789469 10 7
1264
1265 2 0 0 1 7
1266
1267 2 0 0.90909090909090906 0.090909090909090912 4
1268
1269 17 -19 -57 -29 -1.2631578947368425 10 4
1270
1271 8 -2 25 34 -1.2631578947368425 10 4
1272
1273 12 -26 37 -25 -1.2631578947368425 10 4
1274
1275 -18 -18 48 -53 -1.2631578947368425 10 7
1276
1277 2 0 0.7142857142857143 0.2857142857142857 7
1278
1279 2 0 1 0 4
1280
1281 12 -5 -16 25 -2.9473684210526319 10 7
1282
1283 2 0 1 0 7
1284
1285 2 0 0.14285714285714285 0.8571428571428571 4
1286
1287 -22 -6 23 -19 0.4210526315789469 10 7
1288
1289 2 0 0 1 7
1290
1291 2 0 1 0 4
1292
1293 12 29 -10 -46 -4.6315789473684212 10 7
1294
1295 2 0 0 1 4
1296
1297 -47 19 -12 12 0.4210526315789469 10 7
1298
1299 2 0 1 0 4
1300
1301 -4 0 -10 -19 0.4210526315789469 10 7
1302
1303 2 0 0.5 0.5 7
1304
1305 2 0 0 1 4
1306
1307 -8 -27 -3 28 4.6315789473684212 10 4
1308
1309 -1 -49 1 -7 0.4210526315789469 10 4
1310
1311 24 50 1 32 4.6315789473684212 10 4
1312
1313 3 -16 -14 23 0.4210526315789469 10 7
1314
1315 2 0 0 1 7
1316
1317 2 0 1 0 4
1318
1319 -11 -37 -4 25 0.4210526315789469 10 4
1320
1321 2 26 -3 59 -5.4736842105263159 10 7
1322
1323 2 0 0 1 4
1324
1325 22 58 -5 35 0.4210526315789469 10 4
1326
1327 17 33 57 36 -4.6315789473684212 10 7
1328
1329 2 0 0.60465116279069764 0.39534883720930231 7
1330
1331 2 0 0.95348837209302328 0.046511627906976744 4
1332
1333 0 30 -50 42 -4.6315789473684212 10 7
1334
1335 2 0 1 0 7
1336
1337 2 0 0 1 7
1338
1339 2 0 1 0 4
1340
1341 -2 -8 -38 -53 -1.2631578947368425 10 7
1342
1343 2 0 1 0 4
1344
1345 -50 54 30 2 0.4210526315789469 10 4
1346
1347 -1 27 -28 -13 -5.4736842105263159 10 4
1348
1349 44 26 5 11 3.7894736842105257 10 7
1350
1351 2 0 0 1 7
1352
1353 2 0 1 0 7
1354
1355 2 0 1 0 4
1356
1357 2 25 -24 40 -4.6315789473684212 10 7
1358
1359 2 0 0 1 7
1360
1361 2 0 1 0 4
1362
1363 -14 34 -4 9 0.4210526315789469 10 4
1364
1365 29 20 -1 45 0.4210526315789469 10 4
1366
1367 18 8 38 54 -1.2631578947368425 10 4
1368
1369 22 43 -6 -11 -4.6315789473684212 10 4
1370
1371 0 23 -13 34 -4.6315789473684212 10 7
1372
1373 2 0 0 1 7
1374
1375 2 0 1 0 4
1376
1377 -36 58 -4 -9 0.4210526315789469 10 4
1378
1379 27 33 -39 -19 -5.4736842105263159 10 7
1380
1381 2 0 1 0 7
1382
1383 2 0 0 1 7
1384
1385 2 0 1 0 7
1386
1387 2 0 0 1 7
1388
1389 2 0 0 1 4
1390
1391 -6 -9 13 -36 -1.2631578947368425 10 4
1392
1393 32 -38 18 7 0.4210526315789469 10 7
1394
1395 2 0 0 1 4
1396
1397 19 54 16 11 0.4210526315789469 10 7
1398
1399 2 0 0 1 7
1400
1401 2 0 1 0 4
1402
1403 44 -11 -6 11 0.4210526315789469 10 4
1404
1405 -2 46 59 -34 -4.6315789473684212 10 4
1406
1407 18 -11 0 -27 -2.9473684210526319 10 7
1408
1409 2 0 1 0 7
1410
1411 2 0 0 1 7
1412
1413 2 0 1 0 4
1414
1415 4 32 10 4 0.4210526315789469 10 4
1416
1417 -8 44 -4 6 -0.42105263157894779 10 4
1418
1419 -48 -36 -7 1 4.6315789473684212 10 7
1420
1421 2 0 0.071428571428571425 0.9285714285714286 7
1422
1423 2 0 1 0 7
1424
1425 2 0 1 0 7
1426
1427 2 0 1 0 4
1428
1429 -21 16 31 -44 -1.2631578947368425 10 4
1430
1431 -33 18 57 -7 -1.2631578947368425 10 4
1432
1433 -45 21 -12 26 0.4210526315789469 10 4
1434
1435 -38 -3 43 16 -1.2631578947368425 10 4
1436
1437 47 -26 -25 1 0.4210526315789469 10 4
1438
1439 -49 21 32 48 -2.9473684210526319 10 4
1440
1441 -50 25 46 4 -2.9473684210526319 10 7
1442
1443 2 0 0 1 4
1444
1445 -25 8 42 34 -5.4736842105263159 10 7
1446
1447 2 0 0 1 7
1448
1449 2 0 0.94117647058823528 0.058823529411764705 7
1450
1451 2 0 1 0 4
1452
1453 -56 52 18 17 0.4210526315789469 10 4
1454
1455 -46 -3 1 -5 4.6315789473684212 10 4
1456
1457 -27 -39 13 20 6.3157894736842088 10 7
1458
1459 2 0 0 1 7
1460
1461 2 0 0.021276595744680851 0.97872340425531912 4
1462
1463 -11 -21 -41 -4 0.4210526315789469 10 7
1464
1465 2 0 0.12690355329949238 0.87309644670050757 7
1466
1467 2 0 0.007481296758104738 0.99251870324189528 4
1468
1469 -53 53 -4 -3 0.4210526315789469 10 7
1470
1471 2 0 0 1 7
1472
1473 2 0 1 0 4
1474
1475 -43 25 46 -53 -1.2631578947368425 10 7
1476
1477 2 0 0 1 4
1478
1479 -4 -26 -4 -1 0.4210526315789469 10 4
1480
1481 -32 -48 21 18 0.4210526315789469 10 4
1482
1483 -5 0 10 -20 -4.6315789473684212 10 7
1484
1485 2 0 1 0 7
1486
1487 2 0 0.006993006993006993 0.99300699300699302 7
1488
1489 2 0 1 0 4
1490
1491 -51 -56 -41 22 0.4210526315789469 10 4
1492
1493 -42 1 -25 -50 -1.2631578947368425 10 7
1494
1495 2 0 0.83333333333333337 0.16666666666666666 7
1496
1497 2 0 1 0 4
1498
1499 -25 24 34 -43 -1.2631578947368425 10 7
1500
1501 2 0 0 1 7
1502
1503 2 0 0.93333333333333335 0.066666666666666666 4
1504
1505 -16 24 -10 -52 -1.2631578947368425 10 4
1506
1507 55 14 -58 2 2.1052631578947363 10 4
1508
1509 -9 21 -13 12 -4.6315789473684212 10 7
1510
1511 2 0 0 1 4
1512
1513 -56 -20 -16 25 0.4210526315789469 10 4
1514
1515 -2 44 5 4 0.4210526315789469 10 7
1516
1517 2 0 0 1 7
1518
1519 2 0 1 0 7
1520
1521 2 0 1 0 4
1522
1523 -26 -46 -18 -5 0.4210526315789469 10 7
1524
1525 2 0 0 1 7
1526
1527 2 0 1 0 4
1528
1529 12 5 -7 58 -4.6315789473684212 10 7
1530
1531 2 0 1 0 4
1532
1533 -53 19 57 37 -1.2631578947368425 10 4
1534
1535 10 6 -38 21 -1.2631578947368425 10 7
1536
1537 2 0 1 0 7
1538
1539 2 0 0 1 4
1540
1541 -32 -58 -25 24 0.4210526315789469 10 7
1542
1543 2 0 1 0 7
1544
1545 2 0 0 1 4
1546
1547 59 -13 0 8 0.4210526315789469 10 4
1548
1549 -36 -42 -8 -12 5.473684210526315 10 4
1550
1551 37 -15 -25 -17 0.4210526315789469 10 4
1552
1553 -29 7 0 51 -1.2631578947368425 10 4
1554
1555 1 3 19 32 -1.2631578947368425 10 4
1556
1557 8 16 -39 -34 -4.6315789473684212 10 7
1558
1559 2 0 1 0 7
1560
1561 2 0 0.0044052863436123352 0.99559471365638763 4
1562
1563 -4 13 -6 -23 -1.2631578947368425 10 7
1564
1565 2 0 1 0 7
1566
1567 2 0 0.16216216216216217 0.83783783783783783 7
1568
1569 2 0 0 1 7
1570
1571 2 0 1 0 7
1572
1573 2 0 1 0 4
1574
1575 25 -33 -2 -5 0.4210526315789469 10 4
1576
1577 -49 51 -15 25 0.4210526315789469 10 4
1578
1579 56 -54 -7 27 0.4210526315789469 10 4
1580
1581 -2 -50 23 13 0.4210526315789469 10 4
1582
1583 -34 28 6 5 0.4210526315789469 10 7
1584
1585 2 0 0.73039215686274506 0.26960784313725489 7
1586
1587 2 0 0.15185185185185185 0.8481481481481481 4
1588
1589 37 1 13 12 0.4210526315789469 10 7
1590
1591 2 0 0.20967741935483872 0.79032258064516125 7
1592
1593 2 0 0.95796460176991149 0.042035398230088498 4
1594
1595 9 9 20 55 -1.2631578947368425 10 7
1596
1597 2 0 0 1 4
1598
1599 0 16 -57 51 -1.2631578947368425 10 7
1600
1601 2 0 1 0 7
1602
1603 2 0 0 1 4
1604
1605 -24 18 -4 -55 -1.2631578947368425 10 7
1606
1607 2 0 1 0 4
1608
1609 59 3 -17 24 0.4210526315789469 10 4
1610
1611 3 -1 -23 -48 -1.2631578947368425 10 7
1612
1613 2 0 1 0 7
1614
1615 2 0 0.05128205128205128 0.94871794871794868 4
1616
1617 21 11 -26 9 0.4210526315789469 10 7
1618
1619 2 0 1 0 7
1620
1621 2 0 0 1 4
1622
1623 -35 -7 -36 43 -1.2631578947368425 10 4
1624
1625 -37 -33 -27 20 0.4210526315789469 10 4
1626
1627 -1 7 -6 1 -0.42105263157894779 10 7
1628
1629 2 0 1 0 4
1630
1631 -18 -53 -6 2 0.4210526315789469 10 7
1632
1633 2 0 1 0 7
1634
1635 2 0 0 1 7
1636
1637 2 0 1 0 4
1638
1639 44 46 -19 8 0.4210526315789469 10 4
1640
1641 28 -41 12 -15 0.4210526315789469 10 7
1642
1643 2 0 0 1 4
1644
1645 -21 19 -47 34 -4.6315789473684212 10 7
1646
1647 2 0 0.44444444444444442 0.55555555555555558 7
1648
1649 2 0 0 1 4
1650
1651 -21 17 -53 -6 -0.42105263157894779 10 7
1652
1653 2 0 1 0 4
1654
1655 -29 13 4 -2 0.4210526315789469 10 7
1656
1657 2 0 0.68159203980099503 0.31840796019900497 7
1658
1659 2 0 1 0 4
1660
1661 7 -4 35 -45 -1.2631578947368425 10 4
1662
1663 3 -39 7 -17 0.4210526315789469 10 4
1664
1665 -26 -3 -17 6 0.4210526315789469 10 4
1666
1667 -56 23 9 12 0.4210526315789469 10 4
1668
1669 31 56 -13 7 0.4210526315789469 10 4
1670
1671 4 -14 -28 -15 -0.42105263157894779 10 4
1672
1673 -2 5 -18 7 -0.42105263157894779 10 7
1674
1675 2 0 0.054300062774639044 0.94569993722536094 7
1676
1677 2 0 0.86440677966101698 0.13559322033898305 7
1678
1679 2 0 0 1 4
1680
1681 39 -22 -18 12 0.4210526315789469 10 4
1682
1683 6 -16 46 8 -1.2631578947368425 10 7
1684
1685 2 0 0.89679715302491103 0.10320284697508897 7
1686
1687 2 0 0.11257434154630416 0.88742565845369581 4
1688
1689 11 -11 51 -1 -4.6315789473684212 10 7
1690
1691 2 0 0.12030075187969924 0.87969924812030076 7
1692
1693 2 0 0.97115384615384615 0.028846153846153848 4
1694
1695 17 -32 -1 -6 0.4210526315789469 10 4
1696
1697 -2 18 23 19 1.2631578947368425 10 4
1698
1699 21 15 -37 55 -1.2631578947368425 10 7
1700
1701 2 0 0.61512415349887128 0.38487584650112866 7
1702
1703 2 0 0.099923136049192923 0.9000768639508071 4
1704
1705 -12 -11 8 -59 -1.2631578947368425 10 7
1706
1707 2 0 0.033333333333333333 0.96666666666666667 7
1708
1709 2 0 0.98831775700934577 0.011682242990654205 4
1710
1711 36 48 -9 13 0.4210526315789469 10 4
1712
1713 -1 6 16 -8 -1.2631578947368425 10 7
1714
1715 2 0 0.18194317140238314 0.81805682859761686 7
1716
1717 2 0 0.81245447924253456 0.18754552075746542 4
1718
1719 -9 -3 11 17 0.4210526315789469 10 7
1720
1721 2 0 0.93511008111239857 0.064889918887601386 7
1722
1723 2 0 0.4088176352705411 0.59118236472945895 4
1724
1725 -17 11 36 59 -1.2631578947368425 10 4
1726
1727 3 -4 -38 -22 -1.2631578947368425 10 4
1728
1729 -16 15 -58 -8 -1.2631578947368425 10 4
1730
1731 0 7 59 -24 -1.2631578947368425 10 7
1732
1733 2 0 1 0 7
1734
1735 2 0 0 1 4
1736
1737 4 -9 8 47 -1.2631578947368425 10 7
1738
1739 2 0 1 0 7
1740
1741 2 0 0.48669201520912547 0.51330798479087447 7
1742
1743 2 0 0 1 4
1744
1745 2 -15 5 55 -1.2631578947368425 10 4
1746
1747 -11 -5 -29 1 -0.42105263157894779 10 4
1748
1749 -17 -53 -12 -10 0.4210526315789469 10 7
1750
1751 2 0 0.61538461538461542 0.38461538461538464 7
1752
1753 2 0 0.98439024390243901 0.015609756097560976 7
1754
1755 2 0 0 1 4
1756
1757 -39 6 10 -6 0.4210526315789469 10 4
1758
1759 5 -49 4 -12 0.4210526315789469 10 7
1760
1761 2 0 0.087035358114233907 0.91296464188576609 7
1762
1763 2 0 1 0 4
1764
1765 -20 -2 55 -46 -1.2631578947368425 10 7
1766
1767 2 0 0.17708333333333334 0.82291666666666663 7
1768
1769 2 0 0.87535410764872523 0.12464589235127478 4
1770
1771 -8 5 -8 57 -1.2631578947368425 10 4
1772
1773 -60 46 -3 -13 0.4210526315789469 10 4
1774
1775 -22 54 0 17 0.4210526315789469 10 4
1776
1777 42 -37 16 -18 0.4210526315789469 10 7
1778
1779 2 0 0 1 7
1780
1781 2 0 1 0 7
1782
1783 2 0 1 0 4
1784
1785 26 -38 10 -18 0.4210526315789469 10 4
1786
1787 -12 5 10 15 -1.2631578947368425 10 7
1788
1789 2 0 1 0 4
1790
1791 -31 -8 15 9 0.4210526315789469 10 7
1792
1793 2 0 0.36107193229901269 0.63892806770098731 7
1794
1795 2 0 0.97904761904761906 0.020952380952380951 4
1796
1797 -5 0 16 -41 -0.42105263157894779 10 4
1798
1799 -8 0 -45 -10 -0.42105263157894779 10 7
1800
1801 2 0 1 0 7
1802
1803 2 0 0.375 0.625 4
1804
1805 -20 9 22 17 0.4210526315789469 10 7
1806
1807 2 0 0 1 7
1808
1809 2 0 1 0 4
1810
1811 36 4 20 -15 0.4210526315789469 10 4
1812
1813 28 -42 -13 -25 0.4210526315789469 10 4
1814
1815 15 -17 20 48 -1.2631578947368425 10 4
1816
1817 -29 -58 15 -55 0.4210526315789469 10 7
1818
1819 2 0 0.64748475609756095 0.35251524390243905 7
1820
1821 2 0 0.098501070663811557 0.90149892933618847 4
1822
1823 42 -8 -11 -23 0.4210526315789469 10 7
1824
1825 2 0 0.097149938042131345 0.90285006195786865 7
1826
1827 2 0 0.7192982456140351 0.2807017543859649 4
1828
1829 6 7 22 59 -4.6315789473684212 10 4
1830
1831 -3 -1 -5 -11 0.4210526315789469 10 7
1832
1833 2 0 0.72413793103448276 0.27586206896551724 7
1834
1835 2 0 0 1 7
1836
1837 2 0 1 0 4
1838
1839 -38 25 19 -23 0.4210526315789469 10 4
1840
1841 -5 0 13 -55 -0.42105263157894779 10 4
1842
1843 28 -42 14 0 0.4210526315789469 10 7
1844
1845 2 0 0.83333333333333337 0.16666666666666666 7
1846
1847 2 0 0.99025182778229082 0.0097481722177091799 4
1848
1849 -9 -11 -45 0 -1.2631578947368425 10 7
1850
1851 2 0 0.18390804597701149 0.81609195402298851 7
1852
1853 2 0 0.81658031088082905 0.18341968911917098 4
1854
1855 -1 -1 11 18 7.1578947368421044 10 4
1856
1857 16 -20 -49 47 -1.2631578947368425 10 7
1858
1859 2 0 0.99955096542433763 0.00044903457566232598 7
1860
1861 2 0 0.83333333333333337 0.16666666666666666 4
1862
1863 12 -17 34 -51 -3.7894736842105265 10 7
1864
1865 2 0 1 0 7
1866
1867 2 0 0 1 4
1868
1869 -16 19 -37 9 -0.42105263157894779 10 4
1870
1871 7 3 -50 -52 -1.2631578947368425 10 4
1872
1873 3 17 13 -52 -1.2631578947368425 10 4
1874
1875 12 4 -37 -31 -1.2631578947368425 10 7
1876
1877 2 0 1 0 4
1878
1879 0 10 -21 13 -0.42105263157894779 10 4
1880
1881 -9 1 21 -4 -1.2631578947368425 10 7
1882
1883 2 0 1 0 7
1884
1885 2 0 0.48051948051948051 0.51948051948051943 4
1886
1887 -51 -45 -8 26 0.4210526315789469 10 7
1888
1889 2 0 1 0 7
1890
1891 2 0 0.42948717948717946 0.57051282051282048 7
1892
1893 2 0 0 1 4
1894
1895 35 -37 12 17 0.4210526315789469 10 4
1896
1897 51 -55 -1 5 0.4210526315789469 10 4
1898
1899 -12 -9 -23 -15 -1.2631578947368425 10 7
1900
1901 2 0 0 1 7
1902
1903 2 0 1 0 4
1904
1905 -11 10 -2 -2 -1.2631578947368425 10 4
1906
1907 11 23 -18 45 -5.4736842105263159 10 7
1908
1909 2 0 0.14285714285714285 0.8571428571428571 7
1910
1911 2 0 1 0 4
1912
1913 -23 -13 14 55 -1.2631578947368425 10 7
1914
1915 2 0 0.86363636363636365 0.13636363636363635 7
1916
1917 2 0 0.11970338983050847 0.88029661016949157 7
1918
1919 2 0 0 1 4
1920
1921 -38 -51 -22 -4 0.4210526315789469 10 4
1922
1923 56 28 7 24 0.4210526315789469 10 4
1924
1925 -14 19 17 60 -1.2631578947368425 10 4
1926
1927 -37 33 -1 -5 0.4210526315789469 10 4
1928
1929 -12 -5 7 0 1.2631578947368425 10 7
1930
1931 2 0 0 1 7
1932
1933 2 0 0.70967741935483875 0.29032258064516131 4
1934
1935 -8 46 4 -4 0.4210526315789469 10 7
1936
1937 2 0 0.1306532663316583 0.8693467336683417 7
1938
1939 2 0 0.99224806201550386 0.0077519379844961239 4
1940
1941 -18 14 2 -21 -0.42105263157894779 10 4
1942
1943 -24 45 -17 16 0.4210526315789469 10 7
1944
1945 2 0 0.029574861367837338 0.97042513863216262 7
1946
1947 2 0 1 0 4
1948
1949 -22 -18 59 -43 -4.6315789473684212 10 7
1950
1951 2 0 0.49122807017543857 0.50877192982456143 7
1952
1953 2 0 0.017814251401120897 0.98218574859887908 4
1954
1955 -1 39 -13 5 0.4210526315789469 10 4
1956
1957 12 1 -40 51 -1.2631578947368425 10 7
1958
1959 2 0 1 0 4
1960
1961 -33 -58 13 7 0.4210526315789469 10 7
1962
1963 2 0 0.00821917808219178 0.99178082191780825 7
1964
1965 2 0 0.14285714285714285 0.8571428571428571 4
1966
1967 51 38 0 28 0.4210526315789469 10 7
1968
1969 2 0 1 0 4
1970
1971 38 -8 1 30 0.4210526315789469 10 7
1972
1973 2 0 1 0 7
1974
1975 2 0 0 1 4
1976
1977 -1 4 48 41 -1.2631578947368425 10 4
1978
1979 -56 -16 -3 -13 1.2631578947368425 10 4
1980
1981 0 13 -24 -55 -1.2631578947368425 10 4
1982
1983 -47 16 -17 -2 0.4210526315789469 10 7
1984
1985 2 0 0 1 7
1986
1987 2 0 0.91213389121338917 0.087866108786610872 4
1988
1989 -15 60 -24 -7 0.4210526315789469 10 7
1990
1991 2 0 0.036991368680641186 0.96300863131935877 7
1992
1993 2 0 0.39201451905626133 0.60798548094373861 4
1994
1995 -22 -9 -50 -57 -1.2631578947368425 10 4
1996
1997 60 -11 -1 -13 0.4210526315789469 10 7
1998
1999 2 0 0.79620853080568721 0.20379146919431279 7
2000
2001 2 0 1 0 4
2002
2003 -46 6 -6 -16 0.4210526315789469 10 7
2004
2005 2 0 0.8351648351648352 0.16483516483516483 7
2006
2007 2 0 0.13013698630136986 0.86986301369863017 4
2008
2009 7 -21 -34 21 -2.9473684210526319 10 4
2010
2011 3 -40 -16 -33 0.4210526315789469 10 7
2012
2013 2 0 0 1 7
2014
2015 2 0 1 0 7
2016
2017 2 0 0 1 4
2018
2019 -19 -49 -36 3 1.2631578947368425 10 4
2020
2021 17 -7 -1 7 0.4210526315789469 10 4
2022
2023 -23 -17 -47 -3 -0.42105263157894779 10 4
2024
2025 -55 1 -4 1 0.4210526315789469 10 4
2026
2027 22 -20 17 28 -4.6315789473684212 10 7
2028
2029 2 0 1 0 4
2030
2031 36 -29 17 -18 0.4210526315789469 10 4
2032
2033 -12 -51 -26 -1 0.4210526315789469 10 4
2034
2035 -25 -4 8 55 -1.2631578947368425 10 4
2036
2037 10 46 6 -4 5.473684210526315 10 7
2038
2039 2 0 0 1 7
2040
2041 2 0 1 0 7
2042
2043 2 0 1 0 4
2044
2045 24 5 35 39 -5.4736842105263159 10 7
2046
2047 2 0 1 0 4
2048
2049 6 11 -48 16 -5.4736842105263159 10 7
2050
2051 2 0 1 0 7
2052
2053 2 0 0.0051813471502590676 0.99481865284974091 4
2054
2055 -42 -3 29 -9 -1.2631578947368425 10 7
2056
2057 2 0 0 1 4
2058
2059 14 -5 48 2 -4.6315789473684212 10 4
2060
2061 -60 -57 -35 1 0.4210526315789469 10 7
2062
2063 2 0 0.96799999999999997 0.032000000000000001 7
2064
2065 2 0 0.66666666666666663 0.33333333333333331 4
2066
2067 -10 -7 -12 -57 -6.3157894736842106 10 7
2068
2069 2 0 1 0 7
2070
2071 2 0 0 1 4
2072
2073 -20 -21 46 -23 -1.2631578947368425 10 4
2074
2075 13 -17 -31 -23 2.1052631578947363 10 7
2076
2077 2 0 1 0 4
2078
2079 -60 0 -9 -21 0.4210526315789469 10 7
2080
2081 2 0 0 1 7
2082
2083 2 0 1 0 4
2084
2085 -25 -16 30 15 -1.2631578947368425 10 4
2086
2087 4 -57 13 12 0.4210526315789469 10 4
2088
2089 5 -18 13 -2 -4.6315789473684212 10 4
2090
2091 6 -28 57 52 -4.6315789473684212 10 7
2092
2093 2 0 1 0 7
2094
2095 2 0 0.2857142857142857 0.7142857142857143 4
2096
2097 11 50 -1 -7 0.4210526315789469 10 7
2098
2099 2 0 0.90909090909090906 0.090909090909090912 7
2100
2101 2 0 1 0 4
2102
2103 1 3 39 6 -3.7894736842105265 10 7
2104
2105 2 0 1 0 7
2106
2107 2 0 0 1 4
2108
2109 -32 -26 -3 5 0.4210526315789469 10 4
2110
2111 27 -54 -15 -23 0.4210526315789469 10 4
2112
2113 -4 -18 -12 -13 0.4210526315789469 10 7
2114
2115 2 0 1 0 7
2116
2117 2 0 0 1 7
2118
2119 2 0 0 1 7
2120
2121 2 0 1 0 4
2122
2123 45 59 4 -1 0.4210526315789469 10 4
2124
2125 -25 -2 -1 38 0.4210526315789469 10 4
2126
2127 -44 -56 -31 -5 0.4210526315789469 10 4
2128
2129 54 21 43 -7 0.4210526315789469 10 4
2130
2131 0 18 -21 -54 0.4210526315789469 10 4
2132
2133 50 -17 -19 -8 0.4210526315789469 10 7
2134
2135 2 0 0 1 7
2136
2137 2 0 0.86234817813765186 0.13765182186234817 4
2138
2139 -17 -23 45 -58 -4.6315789473684212 10 7
2140
2141 2 0 1 0 7
2142
2143 2 0 0 1 7
2144
2145 2 0 0 1 4
2146
2147 -55 3 -18 -21 4.6315789473684212 10 4
2148
2149 -31 10 23 33 -2.9473684210526319 10 7
2150
2151 2 0 1 0 7
2152
2153 2 0 0 1 4
2154
2155 -5 6 -30 -9 0.4210526315789469 10 7
2156
2157 2 0 0 1 7
2158
2159 2 0 1 0 4
2160
2161 43 4 -17 -19 0.4210526315789469 10 4
2162
2163 2 15 -5 49 0.4210526315789469 10 7
2164
2165 2 0 1 0 7
2166
2167 2 0 0 1 4
2168
2169 5 34 3 30 6.3157894736842088 10 7
2170
2171 2 0 0 1 4
2172
2173 -15 -59 8 27 0.4210526315789469 10 7
2174
2175 2 0 0 1 7
2176
2177 2 0 1 0 4
2178
2179 -37 -59 3 -9 0.4210526315789469 10 4
2180
2181 -30 45 -6 10 0.4210526315789469 10 4
2182
2183 -16 13 55 -13 -1.2631578947368425 10 7
2184
2185 2 0 0 1 7
2186
2187 2 0 1 0 7
2188
2189 2 0 1 0 4
2190
2191 23 -33 -21 35 5.473684210526315 10 4
2192
2193 -12 -43 7 -2 0.4210526315789469 10 4
2194
2195 -16 -4 -58 -34 -1.2631578947368425 10 4
2196
2197 4 0 2 59 -1.2631578947368425 10 7
2198
2199 2 0 1 0 7
2200
2201 2 0 0.84931506849315064 0.15068493150684931 7
2202
2203 2 0 0 1 4
2204
2205 -17 -14 45 10 -1.2631578947368425 10 4
2206
2207 17 -45 18 16 5.473684210526315 10 7
2208
2209 2 0 1 0 7
2210
2211 2 0 0.84999999999999998 0.14999999999999999 7
2212
2213 2 0 0 1 4
2214
2215 7 -4 -43 47 -1.2631578947368425 10 7
2216
2217 2 0 0 1 7
2218
2219 2 0 1 0 4
2220
2221 -41 -54 1 4 0.4210526315789469 10 4
2222
2223 -12 -1 19 -41 -1.2631578947368425 10 4
2224
2225 -17 -4 -27 -34 -0.42105263157894779 10 7
2226
2227 2 0 1 0 4
2228
2229 -32 -59 -3 4 3.7894736842105257 10 7
2230
2231 2 0 0 1 7
2232
2233 2 0 1 0 7
2234
2235 2 0 0 1 4
2236
2237 -43 34 -29 -30 2.1052631578947363 10 7
2238
2239 2 0 1 0 4
2240
2241 -6 -41 16 -27 -2.9473684210526319 10 4
2242
2243 -23 1 -31 -32 -6.3157894736842106 10 7
2244
2245 2 0 0 1 7
2246
2247 2 0 1 0 7
2248
2249 2 0 1 0 4
2250
2251 -29 -18 -32 53 -1.2631578947368425 10 4
2252
2253 -28 -2 15 -18 -1.2631578947368425 10 4
2254
2255 8 -11 -44 -52 -4.6315789473684212 10 4
2256
2257 -14 13 -37 6 0.4210526315789469 10 4
2258
2259 -18 20 0 8 0.4210526315789469 10 4
2260
2261 56 -53 -8 -23 5.473684210526315 10 7
2262
2263 2 0 0 1 4
2264
2265 46 -45 -48 -21 0.4210526315789469 10 7
2266
2267 2 0 1 0 7
2268
2269 2 0 0 1 4
2270
2271 -40 -4 -38 -14 -2.9473684210526319 10 7
2272
2273 2 0 1 0 7
2274
2275 2 0 0 1 7
2276
2277 2 0 0 1 4
2278
2279 31 17 -28 18 0.4210526315789469 10 7
2280
2281 2 0 1 0 7
2282
2283 2 0 0 1 4
2284
2285 -4 -1 48 -13 -4.6315789473684212 10 4
2286
2287 7 47 -3 3 0.4210526315789469 10 4
2288
2289 -7 -28 -36 -42 -4.6315789473684212 10 7
2290
2291 2 0 1 0 4
2292
2293 -25 30 20 -20 0.4210526315789469 10 4
2294
2295 -8 -33 -27 1 0.4210526315789469 10 7
2296
2297 2 0 1 0 4
2298
2299 -40 0 -30 21 -1.2631578947368425 10 7
2300
2301 2 0 0.0053475935828877002 0.99465240641711228 7
2302
2303 2 0 0.26315789473684209 0.73684210526315785 7
2304
2305 2 0 1 0 4
2306
2307 -14 -53 -40 4 2.1052631578947363 10 4
2308
2309 -60 8 -51 -21 2.1052631578947363 10 4
2310
2311 42 -42 -35 8 4.6315789473684212 10 4
2312
2313 -42 2 -1 -14 5.473684210526315 10 7
2314
2315 2 0 0.87179487179487181 0.12820512820512819 7
2316
2317 2 0 1 0 7
2318
2319 2 0 0 1 7
2320
2321 2 0 0 1 4
2322
2323 -11 2 41 -59 -4.6315789473684212 10 4
2324
2325 -49 3 22 10 -2.9473684210526319 10 7
2326
2327 2 0 0 1 7
2328
2329 2 0 1 0 7
2330
2331 2 0 0 1 4
2332
2333 57 -5 -3 0 0.4210526315789469 10 4
2334
2335 28 8 -54 41 -6.3157894736842106 10 7
2336
2337 2 0 1 0 7
2338
2339 2 0 0 1 4
2340
2341 10 -18 -31 5 3.7894736842105257 10 4
2342
2343 -1 -10 -51 16 -2.9473684210526319 10 7
2344
2345 2 0 1 0 7
2346
2347 2 0 0 1 7
2348
2349 2 0 0 1 4
2350
2351 16 -41 -5 10 4.6315789473684212 10 4
2352
2353 -33 9 3 -20 0.4210526315789469 10 4
2354
2355 -2 6 -25 -16 -4.6315789473684212 10 7
2356
2357 2 0 1 0 4
2358
2359 -36 12 22 11 4.6315789473684212 10 4
2360
2361 48 -43 -3 11 0.4210526315789469 10 4
2362
2363 7 -7 -29 0 -0.42105263157894779 10 4
2364
2365 -24 -19 44 -54 -1.2631578947368425 10 7
2366
2367 2 0 0.59999999999999998 0.40000000000000002 7
2368
2369 2 0 0 1 4
2370
2371 -13 11 -38 -1 0.4210526315789469 10 7
2372
2373 2 0 0.15789473684210525 0.84210526315789469 7
2374
2375 2 0 1 0 7
2376
2377 2 0 1 0 4
2378
2379 -39 -43 1 7 0.4210526315789469 10 4
2380
2381 4 -4 -21 3 -0.42105263157894779 10 4
2382
2383 -5 -24 2 7 0.4210526315789469 10 7
2384
2385 2 0 0.080000000000000002 0.92000000000000004 7
2386
2387 2 0 1 0 7
2388
2389 2 0 1 0 7
2390
2391 2 0 1 0 7
2392
2393 2 0 1 0 4
2394
2395 16 14 45 -6 -4.6315789473684212 10 4
2396
2397 9 -49 19 -9 7.1578947368421044 10 7
2398
2399 2 0 0 1 7
2400
2401 2 0 1 0 7
2402
2403 2 0 1 0 4
2404
2405 -52 12 -16 -25 5.473684210526315 10 4
2406
2407 20 17 42 52 -1.2631578947368425 10 4
2408
2409 32 -4 58 45 -4.6315789473684212 10 4
2410
2411 -45 -16 37 -2 0.4210526315789469 10 4
2412
2413 -29 -23 7 15 0.4210526315789469 10 4
2414
2415 -28 59 0 -3 0.4210526315789469 10 4
2416
2417 15 -25 3 5 4.6315789473684212 10 4
2418
2419 4 10 5 -43 -4.6315789473684212 10 7
2420
2421 2 0 1 0 7
2422
2423 2 0 0 1 4
2424
2425 -20 -41 5 -3 0.4210526315789469 10 4
2426
2427 54 44 -21 -4 0.4210526315789469 10 7
2428
2429 2 0 0 1 7
2430
2431 2 0 1 0 4
2432
2433 0 1 -31 -18 -1.2631578947368425 10 7
2434
2435 2 0 0 1 7
2436
2437 2 0 1 0 4
2438
2439 -27 25 11 -6 0.4210526315789469 10 4
2440
2441 -19 -4 50 27 -1.2631578947368425 10 7
2442
2443 2 0 1 0 4
2444
2445 26 21 31 47 -4.6315789473684212 10 7
2446
2447 2 0 1 0 7
2448
2449 2 0 0 1 4
2450
2451 -4 -10 -9 48 -1.2631578947368425 10 7
2452
2453 2 0 1 0 4
2454
2455 40 -42 -5 -6 0.4210526315789469 10 4
2456
2457 -10 -37 7 43 0.4210526315789469 10 7
2458
2459 2 0 1 0 7
2460
2461 2 0 0 1 4
2462
2463 -27 10 16 56 -3.7894736842105265 10 7
2464
2465 2 0 1 0 7
2466
2467 2 0 0 1 4
2468
2469 28 31 22 24 7.1578947368421044 10 7
2470
2471 2 0 1 0 4
2472
2473 7 -8 7 32 -8 10 7
2474
2475 2 0 1 0 7
2476
2477 2 0 0 1 4
2478
2479 39 -6 30 4 0.4210526315789469 10 4
2480
2481 4 -11 13 46 -4.6315789473684212 10 7
2482
2483 2 0 1 0 7
2484
2485 2 0 0 1 4
2486
2487 -15 55 4 -2 2.1052631578947363 10 4
2488
2489 -22 19 7 -16 -2.9473684210526319 10 7
2490
2491 2 0 1 0 4
2492
2493 32 14 -35 44 -5.4736842105263159 10 4
2494
2495 38 -4 -13 27 -5.4736842105263159 10 7
2496
2497 2 0 0 1 4
2498
2499 6 1 -40 -5 -1.2631578947368425 10 7
2500
2501 2 0 0.20512820512820512 0.79487179487179482 7
2502
2503 2 0 0.011976047904191617 0.9880239520958084 4
2504
2505 -12 45 16 16 0.4210526315789469 10 4
2506
2507 -11 -35 46 18 0.4210526315789469 10 7
2508
2509 2 0 0.84999999999999998 0.14999999999999999 7
2510
2511 2 0 0 1 4
2512
2513 -26 -9 42 26 -2.9473684210526319 10 7
2514
2515 2 0 1 0 7
2516
2517 2 0 0.035714285714285712 0.9642857142857143 4
2518
2519 47 49 2 -8 0.4210526315789469 10 4
2520
2521 15 26 -16 20 2.1052631578947363 10 4
2522
2523 38 -5 -17 13 0.4210526315789469 10 4
2524
2525 -46 -59 22 1 5.473684210526315 10 7
2526
2527 2 0 0.37037037037037035 0.62962962962962965 7
2528
2529 2 0 0.04807692307692308 0.95192307692307687 4
2530
2531 -2 -10 59 -42 -2.9473684210526319 10 7
2532
2533 2 0 1 0 7
2534
2535 2 0 0.42253521126760563 0.57746478873239437 4
2536
2537 -32 1 7 -43 -2.9473684210526319 10 4
2538
2539 49 -51 29 -5 5.473684210526315 10 7
2540
2541 2 0 1 0 7
2542
2543 2 0 0 1 7
2544
2545 2 0 1 0 7
2546
2547 2 0 1 0 4
2548
2549 60 -51 19 11 0.4210526315789469 10 4
2550
2551 56 0 0 39 0.4210526315789469 10 4
2552
2553 -22 -24 22 -24 0.4210526315789469 10 4
2554
2555 -11 7 3 -18 -2.9473684210526319 10 4
2556
2557 51 31 -12 23 0.4210526315789469 10 4
2558
2559 14 24 47 11 2.1052631578947363 10 7
2560
2561 2 0 1 0 7
2562
2563 2 0 0 1 4
2564
2565 -52 -18 13 24 0.4210526315789469 10 4
2566
2567 -15 5 -50 -18 -2.9473684210526319 10 7
2568
2569 2 0 1 0 7
2570
2571 2 0 0 1 7
2572
2573 2 0 1 0 4
2574
2575 -33 -4 21 -15 0.4210526315789469 10 4
2576
2577 -46 -7 -1 1 2.1052631578947363 10 4
2578
2579 14 59 14 -25 0.4210526315789469 10 7
2580
2581 2 0 0.12903225806451613 0.87096774193548387 7
2582
2583 2 0 1 0 4
2584
2585 0 -22 -11 -25 -3.7894736842105265 10 7
2586
2587 2 0 0.75 0.25 7
2588
2589 2 0 0 1 4
2590
2591 5 -44 0 35 0.4210526315789469 10 4
2592
2593 57 -20 15 14 0.4210526315789469 10 7
2594
2595 2 0 0 1 7
2596
2597 2 0 1 0 4
2598
2599 48 -42 20 16 0.4210526315789469 10 7
2600
2601 2 0 0.88372093023255816 0.11627906976744186 7
2602
2603 2 0 0.21666666666666667 0.78333333333333333 4
2604
2605 -4 -38 -56 -27 -4.6315789473684212 10 7
2606
2607 2 0 0 1 7
2608
2609 2 0 1 0 4
2610
2611 18 9 24 23 -1.2631578947368425 10 7
2612
2613 2 0 1 0 7
2614
2615 2 0 0 1 4
2616
2617 3 -7 -18 42 -1.2631578947368425 10 4
2618
2619 15 3 -24 48 -1.2631578947368425 10 4
2620
2621 32 52 5 7 0.4210526315789469 10 4
2622
2623 43 3 26 18 0.4210526315789469 10 7
2624
2625 2 0 0 1 7
2626
2627 2 0 1 0 4
2628
2629 -1 11 5 19 5.473684210526315 10 4
2630
2631 21 8 -6 -25 3.7894736842105257 10 7
2632
2633 2 0 1 0 4
2634
2635 19 -33 -51 40 -3.7894736842105265 10 7
2636
2637 2 0 0 1 7
2638
2639 2 0 1 0 4
2640
2641 -28 26 3 6 0.4210526315789469 10 7
2642
2643 2 0 0 1 7
2644
2645 2 0 1 0 4
2646
2647 -27 39 -12 8 0.4210526315789469 10 4
2648
2649 -5 3 34 14 -5.4736842105263159 10 4
2650
2651 2 -2 -3 -60 -5.4736842105263159 10 7
2652
2653 2 0 0 1 7
2654
2655 2 0 1 0 7
2656
2657 2 0 0 1 7
2658
2659 2 0 1 0 4
2660
2661 17 23 51 -5 -1.2631578947368425 10 4
2662
2663 28 28 22 -55 -4.6315789473684212 10 4
2664
2665 -7 -6 -23 18 0.4210526315789469 10 4
2666
2667 9 15 -13 -52 -4.6315789473684212 10 4
2668
2669 -21 59 34 24 0.4210526315789469 10 7
2670
2671 2 0 0.92307692307692313 0.076923076923076927 7
2672
2673 2 0 0 1 7
2674
2675 2 0 0 1 7
2676
2677 2 0 1 0 4
2678
2679 26 -41 19 23 0.4210526315789469 10 4
2680
2681 -23 -7 23 16 1.2631578947368425 10 4
2682
2683 -41 -4 -59 16 -4.6315789473684212 10 7
2684
2685 2 0 0 1 7
2686
2687 2 0 1 0 4
2688
2689 3 14 54 21 -1.2631578947368425 10 7
2690
2691 2 0 0.81818181818181823 0.18181818181818182 7
2692
2693 2 0 0.13333333333333333 0.8666666666666667 4
2694
2695 22 11 10 14 -2.9473684210526319 10 4
2696
2697 -26 19 -28 -2 -2.9473684210526319 10 7
2698
2699 2 0 1 0 7
2700
2701 2 0 0 1 4
2702
2703 51 -6 28 35 0.4210526315789469 10 7
2704
2705 2 0 1 0 7
2706
2707 2 0 0.55555555555555558 0.44444444444444442 4
2708
2709 -35 54 -13 1 0.4210526315789469 10 4
2710
2711 41 30 1 6 0.4210526315789469 10 4
2712
2713 59 -29 14 25 2.1052631578947363 10 7
2714
2715 2 0 0 1 4
2716
2717 49 -2 56 9 0.4210526315789469 10 7
2718
2719 2 0 0 1 7
2720
2721 2 0 1 0 4
2722
2723 -9 -35 -9 9 0.4210526315789469 10 4
2724
2725 25 14 11 -39 -2.9473684210526319 10 7
2726
2727 2 0 0.88787878787878793 0.11212121212121212 7
2728
2729 2 0 0.49567723342939479 0.50432276657060515 4
2730
2731 19 7 13 13 -0.42105263157894779 10 7
2732
2733 2 0 0.028846153846153848 0.97115384615384615 7
2734
2735 2 0 0.40579710144927539 0.59420289855072461 4
2736
2737 27 57 6 -5 0.4210526315789469 10 4
2738
2739 35 1 -42 55 -4.6315789473684212 10 4
2740
2741 8 -53 37 1 0.4210526315789469 10 7
2742
2743 2 0 0.99382716049382713 0.0061728395061728392 7
2744
2745 2 0 0.8125 0.1875 7
2746
2747 2 0 1 0 4
2748
2749 -34 -1 -4 -27 -1.2631578947368425 10 4
2750
2751 -34 -5 24 -33 -2.9473684210526319 10 7
2752
2753 2 0 0 1 7
2754
2755 2 0 0.5 0.5 4
2756
2757 15 -23 4 12 0.4210526315789469 10 7
2758
2759 2 0 0 1 7
2760
2761 2 0 1 0 4
2762
2763 36 4 22 -8 0.4210526315789469 10 4
2764
2765 -13 8 38 -28 -1.2631578947368425 10 4
2766
2767 0 -37 0 -12 0.4210526315789469 10 4
2768
2769 -13 17 21 -25 -1.2631578947368425 10 4
2770
2771 1 18 26 -31 -1.2631578947368425 10 4
2772
2773 -12 0 -7 23 0.4210526315789469 10 4
2774
2775 58 16 -18 20 0.4210526315789469 10 4
2776
2777 -47 -48 7 -1 0.4210526315789469 10 7
2778
2779 2 0 0.22336769759450173 0.7766323024054983 7
2780
2781 2 0 0.95635753252203104 0.043642467477968946 4
2782
2783 -9 21 -2 -26 -0.42105263157894779 10 7
2784
2785 2 0 0.97199705232129696 0.028002947678703021 7
2786
2787 2 0 0.11881188118811881 0.88118811881188119 4
2788
2789 14 20 -17 -10 -1.2631578947368425 10 4
2790
2791 -7 0 -41 28 -0.42105263157894779 10 7
2792
2793 2 0 1 0 7
2794
2795 2 0 0.69379844961240311 0.30620155038759689 4
2796
2797 58 -49 -13 4 0.4210526315789469 10 7
2798
2799 2 0 0.04238921001926782 0.95761078998073212 7
2800
2801 2 0 0.40937896070975921 0.59062103929024079 4
2802
2803 -23 15 -29 47 -1.2631578947368425 10 4
2804
2805 -6 13 -29 -17 -1.2631578947368425 10 4
2806
2807 -3 -7 -35 58 -1.2631578947368425 10 7
2808
2809 2 0 0.99920571882446385 0.00079428117553613975 7
2810
2811 2 0 0.75803402646502838 0.24196597353497165 4
2812
2813 -14 -19 47 9 -1.2631578947368425 10 7
2814
2815 2 0 0.69999999999999996 0.29999999999999999 7
2816
2817 2 0 0 1 4
2818
2819 46 -27 -4 -10 0.4210526315789469 10 4
2820
2821 -5 51 -1 34 -4.6315789473684212 10 7
2822
2823 2 0 0.96491228070175439 0.035087719298245612 7
2824
2825 2 0 0.055816686251468857 0.94418331374853115 4
2826
2827 36 -5 -23 12 0.4210526315789469 10 7
2828
2829 2 0 0.26337033299697277 0.73662966700302723 7
2830
2831 2 0 0.98360655737704916 0.016393442622950821 4
2832
2833 -20 52 18 17 0.4210526315789469 10 4
2834
2835 -24 7 -35 18 -4.6315789473684212 10 4
2836
2837 -7 10 -25 -30 -0.42105263157894779 10 4
2838
2839 -1 -10 18 -57 -4.6315789473684212 10 7
2840
2841 2 0 0.97682119205298013 0.023178807947019868 7
2842
2843 2 0 0.6009174311926605 0.39908256880733944 4
2844
2845 -7 -32 -8 -15 0.4210526315789469 10 7
2846
2847 2 0 0.042857142857142858 0.95714285714285718 7
2848
2849 2 0 0.625 0.375 4
2850
2851 7 -6 -2 41 -1.2631578947368425 10 4
2852
2853 -10 14 -35 -35 -1.2631578947368425 10 7
2854
2855 2 0 0.76190476190476186 0.23809523809523808 7
2856
2857 2 0 0.084126984126984133 0.91587301587301584 4
2858
2859 -13 31 -7 35 0.4210526315789469 10 7
2860
2861 2 0 0.058431459675627635 0.94156854032437232 7
2862
2863 2 0 0.31352459016393441 0.68647540983606559 4
2864
2865 0 -6 -33 55 -1.2631578947368425 10 7
2866
2867 2 0 1 0 4
2868
2869 58 -8 6 28 0.4210526315789469 10 4
2870
2871 -2 21 55 57 -2.9473684210526319 10 7
2872
2873 2 0 1 0 7
2874
2875 2 0 0.20000000000000001 0.80000000000000004 7
2876
2877 2 0 0 1 4
2878
2879 47 -45 6 -11 0.4210526315789469 10 4
2880
2881 -31 -45 -22 8 0.4210526315789469 10 4
2882
2883 1 46 -20 8 0.4210526315789469 10 4
2884
2885 2 -15 -56 -21 -1.2631578947368425 10 4
2886
2887 9 -35 12 59 -1.2631578947368425 10 7
2888
2889 2 0 0.13793103448275862 0.86206896551724133 7
2890
2891 2 0 1 0 4
2892
2893 -23 -23 -17 12 0.4210526315789469 10 7
2894
2895 2 0 0.13456345634563457 0.8654365436543654 7
2896
2897 2 0 0.9838709677419355 0.016129032258064516 4
2898
2899 -24 -53 37 -12 0.4210526315789469 10 4
2900
2901 5 -47 20 -60 -1.2631578947368425 10 7
2902
2903 2 0 0.058823529411764705 0.94117647058823528 7
2904
2905 2 0 0.94339622641509435 0.056603773584905662 4
2906
2907 -22 6 19 11 0.4210526315789469 10 7
2908
2909 2 0 0.59999999999999998 0.40000000000000002 7
2910
2911 2 0 0 1 4
2912
2913 -32 18 -11 57 -1.2631578947368425 10 4
2914
2915 8 -10 26 -7 -5.4736842105263159 10 7
2916
2917 2 0 1 0 4
2918
2919 -21 4 -41 -8 -2.9473684210526319 10 7
2920
2921 2 0 0.33333333333333331 0.66666666666666663 7
2922
2923 2 0 0 1 4
2924
2925 -33 -12 -30 -17 -1.2631578947368425 10 4
2926
2927 -48 -29 -17 -20 0.4210526315789469 10 7
2928
2929 2 0 0 1 7
2930
2931 2 0 1 0 4
2932
2933 -52 58 -19 -3 0.4210526315789469 10 7
2934
2935 2 0 0.97041420118343191 0.029585798816568046 7
2936
2937 2 0 1 0 4
2938
2939 6 0 25 58 -1.2631578947368425 10 4
2940
2941 32 -35 -12 12 0.4210526315789469 10 4
2942
2943 25 49 7 -13 0.4210526315789469 10 4
2944
2945 -42 -55 11 -6 0.4210526315789469 10 7
2946
2947 2 0 1 0 7
2948
2949 2 0 0.21800947867298578 0.78199052132701419 4
2950
2951 -8 -8 -44 3 -0.42105263157894779 10 7
2952
2953 2 0 1 0 7
2954
2955 2 0 0 1 4
2956
2957 -3 -33 -6 -5 -1.2631578947368425 10 4
2958
2959 -10 20 -46 26 -4.6315789473684212 10 7
2960
2961 2 0 0.97727272727272729 0.022727272727272728 7
2962
2963 2 0 0 1 7
2964
2965 2 0 1 0 4
2966
2967 36 -8 -21 -19 0.4210526315789469 10 4
2968
2969 -18 -22 -16 7 4.6315789473684212 10 4
2970
2971 -35 -20 -13 -10 0.4210526315789469 10 7
2972
2973 2 0 0.42253521126760563 0.57746478873239437 7
2974
2975 2 0 0.046762589928057555 0.9532374100719424 4
2976
2977 35 -44 8 -9 0.4210526315789469 10 7
2978
2979 2 0 0.94444444444444442 0.055555555555555552 7
2980
2981 2 0 0 1 4
2982
2983 -14 -6 5 36 0.4210526315789469 10 4
2984
2985 8 -9 15 3 -2.9473684210526319 10 7
2986
2987 2 0 0.89655172413793105 0.10344827586206896 7
2988
2989 2 0 1 0 4
2990
2991 -18 9 -48 15 -1.2631578947368425 10 7
2992
2993 2 0 1 0 7
2994
2995 2 0 0 1 4
2996
2997 8 -20 33 33 -1.2631578947368425 10 4
2998
2999 -54 -49 -8 -1 0.4210526315789469 10 4
3000
3001 14 -20 -9 3 -1.2631578947368425 10 4
3002
3003 -42 -37 -9 -5 0.4210526315789469 10 4
3004
3005 -12 -11 -3 -4 0.4210526315789469 10 4
3006
3007 -1 -41 -54 -43 -1.2631578947368425 10 7
3008
3009 2 0 0.002554278416347382 0.99744572158365263 7
3010
3011 2 0 0.14827995255041518 0.85172004744958485 4
3012
3013 -22 -19 15 -4 0.4210526315789469 10 7
3014
3015 2 0 0 1 7
3016
3017 2 0 0.63218390804597702 0.36781609195402298 4
3018
3019 35 -36 -14 14 0.4210526315789469 10 4
3020
3021 -16 -12 21 21 -4.6315789473684212 10 7
3022
3023 2 0 0.25170068027210885 0.74829931972789121 7
3024
3025 2 0 0.8547770700636943 0.14522292993630573 7
3026
3027 2 0 0 1 4
3028
3029 12 5 -31 8 -1.2631578947368425 10 4
3030
3031 25 -58 -9 17 0.4210526315789469 10 4
3032
3033 45 -39 -1 6 0.4210526315789469 10 7
3034
3035 2 0 0 1 7
3036
3037 2 0 0.22108843537414966 0.77891156462585032 7
3038
3039 2 0 1 0 4
3040
3041 48 9 -3 5 6.3157894736842088 10 7
3042
3043 2 0 0 1 4
3044
3045 16 48 9 -2 0.4210526315789469 10 7
3046
3047 2 0 0 1 7
3048
3049 2 0 1 0 4
3050
3051 36 23 -10 -18 0.4210526315789469 10 4
3052
3053 18 -16 -51 -58 -1.2631578947368425 10 7
3054
3055 2 0 1 0 4
3056
3057 -4 -43 -35 -43 -1.2631578947368425 10 4
3058
3059 52 -13 16 -14 0.4210526315789469 10 7
3060
3061 2 0 0.11086226203807391 0.88913773796192608 7
3062
3063 2 0 0.94326241134751776 0.056737588652482268 4
3064
3065 -6 7 -48 54 -1.2631578947368425 10 7
3066
3067 2 0 0.99071207430340558 0.0092879256965944269 7
3068
3069 2 0 0.27708978328173373 0.72291021671826627 4
3070
3071 -17 -32 15 -2 0.4210526315789469 10 4
3072
3073 11 -37 41 36 -1.2631578947368425 10 4
3074
3075 -9 -12 -6 -58 -4.6315789473684212 10 7
3076
3077 2 0 0.78666666666666663 0.21333333333333335 7
3078
3079 2 0 0.05128205128205128 0.94871794871794868 4
3080
3081 60 19 -13 -23 0.4210526315789469 10 7
3082
3083 2 0 0.63490364025695933 0.36509635974304067 7
3084
3085 2 0 0.94463007159904533 0.055369928400954657 7
3086
3087 2 0 1 0 4
3088
3089 -16 -48 15 4 1.2631578947368425 10 4
3090
3091 -19 -22 23 49 -1.2631578947368425 10 4
3092
3093 -40 -36 -8 0 0.4210526315789469 10 7
3094
3095 2 0 0 1 7
3096
3097 2 0 1 0 4
3098
3099 -12 0 29 52 -1.2631578947368425 10 4
3100
3101 5 -14 15 -19 -1.2631578947368425 10 4
3102
3103 -50 -19 -11 3 0.4210526315789469 10 7
3104
3105 2 0 0.02186878727634195 0.97813121272365811 7
3106
3107 2 0 0.38304392236976509 0.61695607763023497 4
3108
3109 -48 54 -18 -20 2.1052631578947363 10 7
3110
3111 2 0 0.0048732943469785572 0.99512670565302142 7
3112
3113 2 0 0.72151898734177211 0.27848101265822783 4
3114
3115 -9 6 -47 52 -1.2631578947368425 10 4
3116
3117 11 23 -8 -29 -1.2631578947368425 10 7
3118
3119 2 0 0.25 0.75 7
3120
3121 2 0 0 1 4
3122
3123 -7 6 55 10 -1.2631578947368425 10 7
3124
3125 2 0 0.021021021021021023 0.97897897897897901 7
3126
3127 2 0 0 1 4
3128
3129 57 -47 -1 -7 0.4210526315789469 10 4
3130
3131 54 49 -10 14 0.4210526315789469 10 4
3132
3133 21 51 18 15 0.4210526315789469 10 4
3134
3135 25 -12 14 -21 -1.2631578947368425 10 7
3136
3137 2 0 1 0 7
3138
3139 2 0 0.0087616822429906534 0.99123831775700932 4
3140
3141 52 16 -20 32 -4.6315789473684212 10 7
3142
3143 2 0 0.073732718894009217 0.92626728110599077 7
3144
3145 2 0 0.59259259259259256 0.40740740740740738 4
3146
3147 18 -38 -9 16 0.4210526315789469 10 7
3148
3149 2 0 0 1 4
3150
3151 20 9 -23 -30 -1.2631578947368425 10 7
3152
3153 2 0 0.53846153846153844 0.46153846153846156 7
3154
3155 2 0 1 0 4
3156
3157 15 7 -46 -37 -1.2631578947368425 10 4
3158
3159 14 -8 27 -12 -1.2631578947368425 10 4
3160
3161 34 -51 -2 -14 0.4210526315789469 10 7
3162
3163 2 0 0.58240223463687146 0.41759776536312848 7
3164
3165 2 0 0.92804578904333601 0.071954210956663947 4
3166
3167 -2 19 27 45 -1.2631578947368425 10 7
3168
3169 2 0 0.94240837696335078 0.057591623036649213 7
3170
3171 2 0 0.05155746509129968 0.94844253490870034 4
3172
3173 1 -17 -58 -16 -1.2631578947368425 10 4
3174
3175 -3 2 3 15 -1.2631578947368425 10 7
3176
3177 2 0 0.64664310954063609 0.35335689045936397 7
3178
3179 2 0 0.10619469026548672 0.89380530973451322 4
3180
3181 34 39 -8 -7 0.4210526315789469 10 7
3182
3183 2 0 0 1 7
3184
3185 2 0 0.069696969696969702 0.9303030303030303 4
3186
3187 38 -26 20 -16 0.4210526315789469 10 4
3188
3189 0 11 -25 0 -0.42105263157894779 10 4
3190
3191 -6 20 -48 0 -4.6315789473684212 10 7
3192
3193 2 0 0 1 7
3194
3195 2 0 1 0 4
3196
3197 -34 31 22 -13 0.4210526315789469 10 4
3198
3199 -18 33 -1 7 0.4210526315789469 10 4
3200
3201 13 -22 -58 -31 -6.3157894736842106 10 7
3202
3203 2 0 1 0 4
3204
3205 36 14 2 10 0.4210526315789469 10 4
3206
3207 1 -1 34 -5 -1.2631578947368425 10 7
3208
3209 2 0 0.015096618357487922 0.98490338164251212 7
3210
3211 2 0 0.5 0.5 7
3212
3213 2 0 1 0 4
3214
3215 21 -11 -45 -52 -1.2631578947368425 10 4
3216
3217 -4 5 -22 55 -1.2631578947368425 10 4
3218
3219 -25 9 30 -7 0.4210526315789469 10 7
3220
3221 2 0 1 0 7
3222
3223 2 0 0 1 4
3224
3225 -12 -6 1 11 0.4210526315789469 10 7
3226
3227 2 0 0.39560439560439559 0.60439560439560436 7
3228
3229 2 0 1 0 4
3230
3231 39 26 7 -7 0.4210526315789469 10 7
3232
3233 2 0 1 0 4
3234
3235 -2 4 3 0 0.4210526315789469 10 7
3236
3237 2 0 0.013333333333333334 0.98666666666666669 7
3238
3239 2 0 1 0 4
3240
3241 -46 -36 12 -4 0.4210526315789469 10 4
3242
3243 0 11 -15 -3 0.4210526315789469 10 4
3244
3245 -8 60 44 -7 0.4210526315789469 10 4
3246
3247 22 -26 51 -32 -4.6315789473684212 10 7
3248
3249 2 0 0 1 7
3250
3251 2 0 1 0 4
3252
3253 45 -6 -49 -40 -4.6315789473684212 10 7
3254
3255 2 0 0.003787878787878788 0.99621212121212122 7
3256
3257 2 0 0.19047619047619047 0.80952380952380953 4
3258
3259 18 -47 42 -2 0.4210526315789469 10 7
3260
3261 2 0 1 0 7
3262
3263 2 0 0 1 4
3264
3265 -6 -18 29 28 -1.2631578947368425 10 4
3266
3267 51 2 20 11 -4.6315789473684212 10 7
3268
3269 2 0 0 1 4
3270
3271 -7 1 1 5 0.4210526315789469 10 7
3272
3273 2 0 0.99033816425120769 0.0096618357487922701 7
3274
3275 2 0 0.66666666666666663 0.33333333333333331 4
3276
3277 4 11 41 10 -1.2631578947368425 10 7
3278
3279 2 0 1 0 4
3280
3281 7 7 -32 17 -0.42105263157894779 10 7
3282
3283 2 0 0.1490066225165563 0.85099337748344372 7
3284
3285 2 0 0.96923076923076923 0.030769230769230771 4
3286
3287 4 -12 59 10 -1.2631578947368425 10 4
3288
3289 21 -23 23 -56 0.4210526315789469 10 4
3290
3291 -14 -45 2 8 0.4210526315789469 10 4
3292
3293 43 19 -30 8 2.1052631578947363 10 4
3294
3295 -49 -39 21 -19 0.4210526315789469 10 4
3296
3297 -41 -14 24 -48 0.4210526315789469 10 7
3298
3299 2 0 0.85694635488308113 0.14305364511691884 7
3300
3301 2 0 0.22549019607843138 0.77450980392156865 4
3302
3303 38 -18 8 -3 -4.6315789473684212 10 7
3304
3305 2 0 0.76962025316455696 0.23037974683544304 7
3306
3307 2 0 0.98820375335120647 0.011796246648793566 4
3308
3309 16 24 -40 1 0.4210526315789469 10 4
3310
3311 0 -14 -37 18 -4.6315789473684212 10 7
3312
3313 2 0 0.92307692307692313 0.076923076923076927 7
3314
3315 2 0 0.21739130434782608 0.78260869565217395 4
3316
3317 -18 -18 41 -53 -2.9473684210526319 10 7
3318
3319 2 0 0 1 7
3320
3321 2 0 1 0 7
3322
3323 2 0 1 0 4
3324
3325 30 3 45 -36 -4.6315789473684212 10 7
3326
3327 2 0 1 0 7
3328
3329 2 0 0 1 4
3330
3331 46 19 13 9 0.4210526315789469 10 4
3332
3333 -42 -8 -17 5 0.4210526315789469 10 4
3334
3335 -6 -24 -37 36 -2.9473684210526319 10 7
3336
3337 2 0 1 0 7
3338
3339 2 0 0 1 4
3340
3341 -23 6 -7 4 0.4210526315789469 10 7
3342
3343 2 0 1 0 4
3344
3345 0 -16 11 -20 -1.2631578947368425 10 7
3346
3347 2 0 1 0 4
3348
3349 39 -56 -1 6 0.4210526315789469 10 7
3350
3351 2 0 0.18181818181818182 0.81818181818181823 7
3352
3353 2 0 1 0 4
3354
3355 -48 27 1 5 0.4210526315789469 10 4
3356
3357 -12 20 -2 4 0.4210526315789469 10 4
3358
3359 28 -19 24 23 -3.7894736842105265 10 7
3360
3361 2 0 1 0 4
3362
3363 3 -14 -13 5 -3.7894736842105265 10 7
3364
3365 2 0 1 0 7
3366
3367 2 0 0 1 4
3368
3369 -25 -10 4 26 -1.2631578947368425 10 4
3370
3371 -4 -13 18 -1 5.473684210526315 10 7
3372
3373 2 0 0.967741935483871 0.032258064516129031 7
3374
3375 2 0 0.15384615384615385 0.84615384615384615 7
3376
3377 2 0 0 1 4
3378
3379 54 4 3 7 0.4210526315789469 10 4
3380
3381 41 -11 -9 -40 -6.3157894736842106 10 4
3382
3383 1 -18 34 -3 0.4210526315789469 10 7
3384
3385 2 0 0 1 7
3386
3387 2 0 1 0 7
3388
3389 2 0 1 0 4
3390
3391 26 -12 24 -18 -1.2631578947368425 10 7
3392
3393 2 0 1 0 7
3394
3395 2 0 0 1 7
3396
3397 2 0 1 0
