22 serialization::archive 10 0 0 -122461384 2 10 200 5 0.02 1 10 0 0 60 60 -10 10 0 0 3 0 4 8 TreeNode 1 0
0 1 0
1 0 0 0 0 23 14 31 -9 -5 10 4
2
3 52 57 31 20 0 10 4
4
5 -1 -4 13 1 0 10 4
6
7 42 -19 22 9 0 10 4
8
9 -6 2 42 -44 -5 10 7 12 TerminalNode 1 0
10
11 2 0 1 0 7
12
13 2 0 0 1 4
14
15 5 12 -47 -7 -5 10 7
16
17 2 0 1 0 4
18
19 27 -19 -22 12 0 10 4
20
21 14 12 -5 59 -5 10 4
22
23 -51 -4 34 11 0 10 4
24
25 -21 41 14 -7 0 10 7
26
27 2 0 1 0 7
28
29 2 0 0 1 7
30
31 2 0 0 1 7
32
33 2 0 1 0 4
34
35 -1 -7 29 -5 0 10 7
36
37 2 0 1 0 4
38
39 2 -20 -19 18 0 10 4
40
41 -6 43 9 12 0 10 4
42
43 58 -52 34 12 0 10 7
44
45 2 0 1 0 7
46
47 2 0 0.38461538461538464 0.61538461538461542 7
48
49 2 0 0 1 4
50
51 34 17 43 2 -5 10 7
52
53 2 0 0 1 7
54
55 2 0 1 0 4
56
57 -51 -4 19 22 0 10 4
58
59 -13 60 18 -2 0 10 7
60
61 2 0 0 1 4
62
63 33 -12 -4 4 0 10 4
64
65 2 14 -52 42 -5 10 7
66
67 2 0 1 0 4
68
69 1 7 -29 -33 -5 10 4
70
71 14 20 34 6 -5 10 4
72
73 -2 4 -39 4 -5 10 7
74
75 2 0 0 1 7
76
77 2 0 0.9178082191780822 0.082191780821917804 4
78
79 44 -40 2 -5 0 10 7
80
81 2 0 0 1 7
82
83 2 0 1 0 4
84
85 5 -14 6 -10 0 10 7
86
87 2 0 0 1 7
88
89 2 0 1 0 4
90
91 -11 16 -41 56 -5 10 4
92
93 -12 31 9 -5 0 10 4
94
95 26 16 -15 18 0 10 7
96
97 2 0 0 1 7
98
99 2 0 1 0 7
100
101 2 0 0 1 4
102
103 27 9 -55 -45 -5 10 4
104
105 54 51 -9 0 0 10 4
106
107 30 10 17 -33 -5 10 7
108
109 2 0 0.45054945054945056 0.5494505494505495 7
110
111 2 0 0 1 4
112
113 -28 -59 -13 -12 0 10 7
114
115 2 0 0.971830985915493 0.028169014084507043 7
116
117 2 0 0.092592592592592587 0.90740740740740744 7
118
119 2 0 1 0 4
120
121 18 -15 7 -27 -5 10 4
122
123 4 -8 -18 -56 -5 10 7
124
125 2 0 1 0 7
126
127 2 0 0 1 7
128
129 2 0 1 0 4
130
131 39 3 -24 1 -5 10 4
132
133 25 20 -18 1 -5 10 4
134
135 -8 54 9 25 0 10 4
136
137 -9 57 42 0 0 10 4
138
139 20 -6 31 -3 0 10 4
140
141 -14 25 32 -18 -5 10 4
142
143 11 9 10 -60 -5 10 7
144
145 2 0 1 0 7
146
147 2 0 0 1 7
148
149 2 0 0 1 4
150
151 20 -1 6 35 -5 10 4
152
153 25 49 4 -3 0 10 7
154
155 2 0 0 1 7
156
157 2 0 1 0 4
158
159 20 12 20 21 -5 10 7
160
161 2 0 1 0 4
162
163 48 12 -16 -31 -5 10 7
164
165 2 0 1 0 7
166
167 2 0 0.057692307692307696 0.94230769230769229 4
168
169 19 46 -14 4 0 10 4
170
171 48 5 -60 -36 -5 10 7
172
173 2 0 0 1 4
174
175 53 13 54 -22 -5 10 7
176
177 2 0 1 0 7
178
179 2 0 0 1 4
180
181 21 -2 36 13 0 10 7
182
183 2 0 0 1 4
184
185 37 29 24 -2 0 10 4
186
187 -41 -30 27 26 0 10 7
188
189 2 0 0.8571428571428571 0.14285714285714285 7
190
191 2 0 0 1 7
192
193 2 0 0 1 4
194
195 -28 -46 49 25 0 10 4
196
197 13 6 -53 30 -5 10 4
198
199 -7 22 -57 39 -5 10 4
200
201 -52 3 -11 21 0 10 4
202
203 34 18 -14 15 -5 10 7
204
205 2 0 1 0 7
206
207 2 0 0 1 4
208
209 52 -4 -10 3 0 10 7
210
211 2 0 0.96341463414634143 0.036585365853658534 7
212
213 2 0 1 0 7
214
215 2 0 0 1 4
216
217 -6 1 -4 39 -5 10 4
218
219 -11 26 36 -45 -5 10 4
220
221 22 26 38 -40 -5 10 7
222
223 2 0 0.5 0.5 7
224
225 2 0 1 0 4
226
227 -7 -55 -3 -1 0 10 7
228
229 2 0 1 0 7
230
231 2 0 0 1 4
232
233 35 35 -19 37 -5 10 7
234
235 2 0 1 0 4
236
237 -10 -36 39 28 0 10 7
238
239 2 0 1 0 7
240
241 2 0 0 1 4
242
243 12 28 7 25 0 10 4
244
245 2 38 -15 4 -5 10 7
246
247 2 0 0 1 7
248
249 2 0 1 0 7
250
251 2 0 0 1 4
252
253 -1 26 60 -4 -5 10 4
254
255 -35 -23 -6 23 0 10 4
256
257 -11 40 -12 13 0 10 7
258
259 2 0 1 0 7
260
261 2 0 0 1 4
262
263 53 2 2 -9 -5 10 4
264
265 1 -59 31 5 0 10 7
266
267 2 0 1 0 7
268
269 2 0 0 1 4
270
271 -9 4 14 -50 -5 10 7
272
273 2 0 1 0 4
274
275 -35 -32 -13 11 0 10 7
276
277 2 0 1 0 4
278
279 30 25 -25 -55 -5 10 7
280
281 2 0 0 1 7
282
283 2 0 1 0 4
284
285 -40 49 48 -1 0 10 4
286
287 2 22 -38 -26 -5 10 4
288
289 45 -1 -24 54 -5 10 4
290
291 3 26 11 17 0 10 4
292
293 50 46 37 28 0 10 7
294
295 2 0 0 1 7
296
297 2 0 1 0 7
298
299 2 0 1 0 7
300
301 2 0 1 0 4
302
303 -10 -12 1 21 0 10 4
304
305 -55 -36 37 16 0 10 4
306
307 -2 -54 2 16 0 10 7
308
309 2 0 0 1 7
310
311 2 0 1 0 4
312
313 35 -3 38 11 0 10 7
314
315 2 0 0.014184397163120567 0.98581560283687941 7
316
317 2 0 0.80000000000000004 0.20000000000000001 4
318
319 -3 25 43 26 -5 10 7
320
321 2 0 0 1 4
322
323 60 -42 46 2 0 10 7
324
325 2 0 1 0 7
326
327 2 0 0.5 0.5 4
328
329 -11 -2 -29 53 -5 10 4
330
331 -45 31 42 21 0 10 7
332
333 2 0 0 1 7
334
335 2 0 1 0 4
336
337 -36 54 19 7 0 10 7
338
339 2 0 1 0 7
340
341 2 0 0 1 4
342
343 -23 19 -40 32 -5 10 7
344
345 2 0 1 0 4
346
347 45 59 8 4 0 10 4
348
349 3 17 -52 -49 -5 10 4
350
351 -14 -11 39 28 0 10 4
352
353 2 22 -56 -34 -5 10 7
354
355 2 0 1 0 4
356
357 13 18 -11 15 0 10 4
358
359 59 26 -3 -3 0 10 7
360
361 2 0 1 0 7
362
363 2 0 0.20000000000000001 0.80000000000000004 7
364
365 2 0 1 0 4
366
367 53 -23 -18 29 0 10 7
368
369 2 0 0 1 7
370
371 2 0 1 0 4
372
373 14 18 -23 31 -5 10 7
374
375 2 0 0 1 4
376
377 17 -5 -56 32 -5 10 7
378
379 2 0 0 1 7
380
381 2 0 1 0 4
382
383 -21 58 6 12 0 10 4
384
385 55 25 24 -9 0 10 7
386
387 2 0 0 1 7
388
389 2 0 1 0 7
390
391 2 0 1 0 4
392
393 7 50 -3 -11 0 10 4
394
395 -17 18 40 -24 -5 10 4
396
397 37 -55 -4 12 0 10 4
398
399 -32 -22 21 19 0 10 4
400
401 -22 20 37 -25 -5 10 4
402
403 3 19 -6 -48 -5 10 4
404
405 -13 42 -35 34 -5 10 7
406
407 2 0 0 1 7
408
409 2 0 1 0 7
410
411 2 0 0 1 4
412
413 20 4 -29 12 0 10 4
414
415 -13 23 -6 45 -5 10 4
416
417 -25 -5 -28 42 -5 10 7
418
419 2 0 1 0 4
420
421 51 4 -19 18 0 10 7
422
423 2 0 0.5 0.5 7
424
425 2 0 0 1 4
426
427 -8 -12 1 -45 -5 10 4
428
429 8 57 1 -3 0 10 7
430
431 2 0 0.26666666666666666 0.73333333333333328 7
432
433 2 0 0 1 4
434
435 -55 -41 0 13 0 10 7
436
437 2 0 0 1 7
438
439 2 0 0.15384615384615385 0.84615384615384615 7
440
441 2 0 1 0 4
442
443 48 15 -7 -6 0 10 7
444
445 2 0 1 0 4
446
447 -31 13 -12 -22 -5 10 7
448
449 2 0 1 0 7
450
451 2 0 0 1 4
452
453 -15 23 26 49 -5 10 4
454
455 1 -2 -16 37 -5 10 7
456
457 2 0 1 0 4
458
459 36 -49 -18 21 0 10 4
460
461 56 9 -14 25 0 10 4
462
463 43 42 6 18 0 10 7
464
465 2 0 0 1 4
466
467 51 59 -47 28 0 10 7
468
469 2 0 0.44444444444444442 0.55555555555555558 7
470
471 2 0 0 1 4
472
473 -3 15 39 -27 -5 10 7
474
475 2 0 1 0 4
476
477 3 3 31 -46 -5 10 7
478
479 2 0 0 1 7
480
481 2 0 1 0 4
482
483 -24 17 44 59 -5 10 4
484
485 -6 0 35 -34 -5 10 4
486
487 15 19 -41 39 -5 10 7
488
489 2 0 0.98901098901098905 0.01098901098901099 7
490
491 2 0 1 0 4
492
493 -17 26 56 -2 -5 10 7
494
495 2 0 1 0 7
496
497 2 0 0 1 4
498
499 -1 23 -3 -16 -5 10 4
500
501 4 0 -57 49 -5 10 7
502
503 2 0 0.99456521739130432 0.005434782608695652 7
504
505 2 0 0.86326530612244901 0.13673469387755102 4
506
507 -26 9 9 20 -5 10 7
508
509 2 0 0.20689655172413793 0.7931034482758621 7
510
511 2 0 0.90000000000000002 0.10000000000000001 4
512
513 11 55 -2 -8 0 10 4
514
515 -45 8 -4 -1 -5 10 4
516
517 -37 41 -42 3 0 10 4
518
519 -42 40 9 3 0 10 7
520
521 2 0 0 1 4
522
523 54 -23 -10 7 0 10 7
524
525 2 0 0.59999999999999998 0.40000000000000002 7
526
527 2 0 1 0 4
528
529 18 23 26 31 -5 10 7
530
531 2 0 1 0 4
532
533 -43 2 -19 44 -5 10 7
534
535 2 0 0 1 7
536
537 2 0 0.043478260869565216 0.95652173913043481 4
538
539 -10 -3 28 6 -5 10 4
540
541 -5 -57 -24 14 0 10 4
542
543 -5 41 -20 47 -5 10 7
544
545 2 0 0.98469387755102045 0.015306122448979591 7
546
547 2 0 0.32237369687249401 0.67762630312750605 7
548
549 2 0 1 0 4
550
551 13 22 4 -5 -5 10 4
552
553 -11 -54 12 6 0 10 7
554
555 2 0 0 1 7
556
557 2 0 0.92473118279569888 0.075268817204301078 4
558
559 -16 3 -40 13 -5 10 7
560
561 2 0 0.29963898916967507 0.70036101083032487 7
562
563 2 0 0.045662100456621002 0.954337899543379 7
564
565 2 0 1 0 4
566
567 34 21 23 -16 0 10 4
568
569 11 16 41 25 -5 10 4
570
571 -59 50 -3 10 0 10 4
572
573 58 -35 22 -12 0 10 4
574
575 30 -37 21 12 0 10 4
576
577 27 2 23 34 0 10 4
578
579 35 50 20 -13 0 10 7
580
581 2 0 0 1 7
582
583 2 0 0.0081967213114754103 0.99180327868852458 4
584
585 56 44 16 18 0 10 7
586
587 2 0 0.10416666666666667 0.89583333333333337 7
588
589 2 0 0 1 4
590
591 13 18 -3 20 -5 10 4
592
593 -28 -54 28 4 0 10 7
594
595 2 0 0.4935064935064935 0.50649350649350644 7
596
597 2 0 0.0065019505851755524 0.99349804941482445 7
598
599 2 0 1 0 4
600
601 20 -10 5 13 -5 10 4
602
603 -50 3 29 -6 0 10 4
604
605 22 -13 54 42 -5 10 7
606
607 2 0 1 0 7
608
609 2 0 0.10810810810810811 0.89189189189189189 7
610
611 2 0 0 1 4
612
613 16 8 -18 32 -5 10 7
614
615 2 0 1 0 4
616
617 -19 -48 11 13 0 10 7
618
619 2 0 1 0 7
620
621 2 0 0 1 4
622
623 58 -19 -2 -4 0 10 4
624
625 -1 23 13 -59 -5 10 4
626
627 11 24 44 -49 -5 10 4
628
629 -56 44 -8 38 0 10 7
630
631 2 0 0.90744606819763396 0.092553931802366041 7
632
633 2 0 0.38306451612903225 0.61693548387096775 4
634
635 50 5 -9 2 0 10 7
636
637 2 0 0.018947368421052633 0.9810526315789474 7
638
639 2 0 0.95428571428571429 0.045714285714285714 4
640
641 7 -36 14 -37 -5 10 4
642
643 -49 46 -3 -14 0 10 7
644
645 2 0 1 0 7
646
647 2 0 0 1 4
648
649 33 -42 20 16 0 10 7
650
651 2 0 0.0048396854204476713 0.99516031457955234 7
652
653 2 0 0.14325068870523416 0.85674931129476584 4
654
655 -13 29 14 19 0 10 4
656
657 36 -57 -22 17 0 10 4
658
659 -7 -3 36 -9 -5 10 7
660
661 2 0 0.84513127284812228 0.15486872715187769 7
662
663 2 0 0.33782569631626236 0.66217430368373764 4
664
665 46 -44 -38 13 0 10 7
666
667 2 0 0.94029850746268662 0.059701492537313432 7
668
669 2 0 0.054669703872437359 0.9453302961275627 4
670
671 -7 -1 42 -22 -5 10 4
672
673 0 17 41 25 -5 10 7
674
675 2 0 1 0 7
676
677 2 0 0 1 4
678
679 -8 1 -15 -41 -5 10 7
680
681 2 0 0.35199999999999998 0.64800000000000002 7
682
683 2 0 0.86942675159235672 0.13057324840764331 4
684
685 17 10 27 19 -5 10 4
686
687 9 12 53 43 -5 10 4
688
689 4 -11 -20 60 -5 10 4
690
691 35 -31 -3 4 0 10 4
692
693 29 -40 22 10 0 10 7
694
695 2 0 0.17449664429530201 0.82550335570469802 7
696
697 2 0 0.96551724137931039 0.034482758620689655 4
698
699 32 21 -1 -34 -5 10 7
700
701 2 0 0 1 7
702
703 2 0 1 0 4
704
705 -33 44 -3 18 0 10 4
706
707 24 14 -21 7 -5 10 7
708
709 2 0 0.69696969696969702 0.30303030303030304 7
710
711 2 0 0.052513966480446927 0.94748603351955307 4
712
713 49 -21 49 24 0 10 7
714
715 2 0 0.9731343283582089 0.026865671641791045 7
716
717 2 0 0.328125 0.671875 4
718
719 34 58 8 -17 0 10 4
720
721 -1 2 48 -33 -5 10 4
722
723 31 -8 -24 -11 -5 10 7
724
725 2 0 0 1 7
726
727 2 0 0.92307692307692313 0.076923076923076927 4
728
729 10 -56 5 9 0 10 7
730
731 2 0 0 1 7
732
733 2 0 1 0 4
734
735 2 5 -15 31 -5 10 7
736
737 2 0 1 0 7
738
739 2 0 0 1 4
740
741 -59 50 -12 -5 0 10 4
742
743 -46 -44 38 29 0 10 4
744
745 -11 -3 18 -35 -5 10 4
746
747 11 14 -8 -21 -5 10 7
748
749 2 0 0.43790849673202614 0.56209150326797386 7
750
751 2 0 0.044075144508670519 0.95592485549132944 4
752
753 56 -47 -6 -8 0 10 7
754
755 2 0 0.0027970327131217319 0.99720296728687829 7
756
757 2 0 0.8928571428571429 0.10714285714285714 4
758
759 13 29 28 0 -5 10 7
760
761 2 0 1 0 7
762
763 2 0 0 1 4
764
765 3 17 54 30 -5 10 4
766
767 11 29 16 -50 -5 10 4
768
769 13 11 -37 -22 -5 10 7
770
771 2 0 1 0 7
772
773 2 0 0.026402640264026403 0.97359735973597361 4
774
775 4 -6 33 -54 -5 10 7
776
777 2 0 0.94615384615384612 0.053846153846153849 7
778
779 2 0 0.39726027397260272 0.60273972602739723 4
780
781 12 7 -2 9 0 10 4
782
783 -37 10 -45 -50 -5 10 7
784
785 2 0 0 1 7
786
787 2 0 0.03798033958891868 0.96201966041108133 4
788
789 -19 12 2 -17 -5 10 7
790
791 2 0 0.23253214086081611 0.76746785913918392 7
792
793 2 0 0.0099206349206349201 0.99007936507936511 4
794
795 -34 -49 6 -14 0 10 4
796
797 26 -6 6 15 -5 10 4
798
799 -6 -7 -39 11 -5 10 4
800
801 -56 42 34 -8 0 10 4
802
803 -1 16 6 -7 0 10 7
804
805 2 0 1 0 7
806
807 2 0 0 1 7
808
809 2 0 0 1 4
810
811 10 13 -21 22 -5 10 4
812
813 -25 -55 -9 11 0 10 7
814
815 2 0 1 0 7
816
817 2 0 0 1 7
818
819 2 0 0 1 4
820
821 -40 26 31 9 0 10 7
822
823 2 0 0 1 7
824
825 2 0 1 0 4
826
827 -57 -31 20 -8 0 10 7
828
829 2 0 0 1 4
830
831 47 19 5 7 0 10 4
832
833 4 -18 -19 47 -5 10 4
834
835 37 -39 -1 43 0 10 7
836
837 2 0 1 0 7
838
839 2 0 0 1 7
840
841 2 0 0 1 4
842
843 -31 -48 37 9 0 10 7
844
845 2 0 1 0 4
846
847 11 34 -9 -10 0 10 7
848
849 2 0 1 0 7
850
851 2 0 0 1 4
852
853 -39 -17 -20 8 0 10 4
854
855 15 -22 56 42 -5 10 4
856
857 1 -28 -7 -4 -5 10 4
858
859 12 -30 21 -16 -5 10 4
860
861 18 19 -3 -39 -5 10 4
862
863 -4 -7 -4 -2 -5 10 4
864
865 -9 28 54 -44 -5 10 4
866
867 45 33 19 -23 0 10 7
868
869 2 0 0 1 7
870
871 2 0 1 0 7
872
873 2 0 0 1 7
874
875 2 0 1 0 4
876
877 13 -14 -1 46 -5 10 4
878
879 -7 -28 -29 27 -5 10 4
880
881 13 23 13 -32 -5 10 7
882
883 2 0 0.45454545454545453 0.54545454545454541 7
884
885 2 0 0.0032921810699588477 0.99670781893004112 4
886
887 -29 -17 7 27 0 10 7
888
889 2 0 1 0 7
890
891 2 0 0.5 0.5 4
892
893 -11 -36 -14 16 0 10 4
894
895 -8 -35 -30 46 -5 10 7
896
897 2 0 0.0089686098654708519 0.99103139013452912 7
898
899 2 0 0.8571428571428571 0.14285714285714285 4
900
901 -12 -14 38 -32 -5 10 7
902
903 2 0 0.53846153846153844 0.46153846153846156 7
904
905 2 0 0.98550724637681164 0.014492753623188406 4
906
907 -5 -38 15 -2 0 10 4
908
909 26 -3 -9 4 0 10 4
910
911 -59 43 6 -31 0 10 7
912
913 2 0 1 0 4
914
915 12 3 9 -45 -5 10 7
916
917 2 0 0.45528455284552843 0.54471544715447151 7
918
919 2 0 0 1 4
920
921 9 3 58 -46 -5 10 4
922
923 -36 -14 5 38 0 10 7
924
925 2 0 1 0 7
926
927 2 0 0.8571428571428571 0.14285714285714285 4
928
929 18 -17 -15 -24 0 10 7
930
931 2 0 0 1 7
932
933 2 0 1 0 4
934
935 15 -23 20 -21 -5 10 7
936
937 2 0 0 1 7
938
939 2 0 1 0 4
940
941 31 51 6 -1 0 10 4
942
943 0 8 -13 26 -5 10 4
944
945 10 9 11 -2 -5 10 7
946
947 2 0 0 1 4
948
949 -10 9 40 -17 -5 10 4
950
951 4 4 40 23 -5 10 7
952
953 2 0 0 1 7
954
955 2 0 1 0 7
956
957 2 0 1 0 4
958
959 1 -3 38 1 -5 10 4
960
961 15 -3 -1 2 0 10 7
962
963 2 0 1 0 4
964
965 25 -6 39 -33 -5 10 7
966
967 2 0 1 0 7
968
969 2 0 0 1 4
970
971 -23 -9 -8 34 0 10 7
972
973 2 0 0 1 7
974
975 2 0 1 0 4
976
977 21 -19 43 19 -5 10 4
978
979 19 -23 56 56 -5 10 4
980
981 -12 8 -56 4 -5 10 7
982
983 2 0 0 1 7
984
985 2 0 1 0 4
986
987 1 3 -56 17 -5 10 7
988
989 2 0 1 0 4
990
991 12 7 8 11 -5 10 7
992
993 2 0 0 1 7
994
995 2 0 0.8825503355704698 0.1174496644295302 4
996
997 37 -34 -2 2 0 10 4
998
999 -5 -21 23 -28 -5 10 4
1000
1001 -17 -23 20 29 0 10 7
1002
1003 2 0 0.95773584905660381 0.04226415094339623 7
1004
1005 2 0 0.050000000000000003 0.94999999999999996 4
1006
1007 18 -21 -35 29 -5 10 7
1008
1009 2 0 0.54285714285714282 0.45714285714285713 7
1010
1011 2 0 0.031007751937984496 0.96899224806201545 4
1012
1013 -31 -42 -11 -40 0 10 7
1014
1015 2 0 1 0 4
1016
1017 -12 -37 -54 52 -5 10 7
1018
1019 2 0 0 1 7
1020
1021 2 0 1 0 4
1022
1023 34 53 -10 3 0 10 4
1024
1025 19 3 47 56 -5 10 4
1026
1027 30 -13 19 19 -5 10 4
1028
1029 12 -17 -42 43 -5 10 4
1030
1031 55 -16 -18 23 -5 10 4
1032
1033 41 -19 0 -55 -5 10 7
1034
1035 2 0 0 1 7
1036
1037 2 0 1 0 4
1038
1039 18 -7 -13 -4 -5 10 7
1040
1041 2 0 0.91111111111111109 0.088888888888888892 7
1042
1043 2 0 0 1 7
1044
1045 2 0 0 1 4
1046
1047 8 -6 21 -48 -5 10 4
1048
1049 -11 -1 -4 9 -5 10 4
1050
1051 56 -40 -7 -11 0 10 7
1052
1053 2 0 0 1 7
1054
1055 2 0 0.92207792207792205 0.07792207792207792 4
1056
1057 -4 -15 -49 -26 -5 10 7
1058
1059 2 0 1 0 7
1060
1061 2 0 0.90534979423868311 0.094650205761316872 4
1062
1063 -4 -19 19 8 0 10 4
1064
1065 47 54 19 -32 0 10 7
1066
1067 2 0 1 0 7
1068
1069 2 0 0.063694267515923567 0.93630573248407645 7
1070
1071 2 0 1 0 4
1072
1073 -35 -58 -13 -21 0 10 4
1074
1075 37 0 11 -21 0 10 4
1076
1077 15 3 -50 37 -5 10 4
1078
1079 -55 -28 -7 -13 0 10 7
1080
1081 2 0 0.039028620988725067 0.96097137901127494 7
1082
1083 2 0 0.74782608695652175 0.25217391304347825 4
1084
1085 -39 -56 12 -16 0 10 7
1086
1087 2 0 0.0028044871794871795 0.99719551282051277 7
1088
1089 2 0 0.073878069432684171 0.92612193056731584 4
1090
1091 -8 -4 56 31 -5 10 4
1092
1093 48 -4 -10 -1 0 10 7
1094
1095 2 0 0.33948339483394835 0.66051660516605171 7
1096
1097 2 0 0.88805970149253732 0.11194029850746269 4
1098
1099 -8 37 -3 1 0 10 7
1100
1101 2 0 0.00056721497447532619 0.99943278502552468 7
1102
1103 2 0 1 0 4
1104
1105 -37 59 -11 -1 0 10 4
1106
1107 7 -2 7 30 -5 10 4
1108
1109 1 4 -46 -55 -5 10 7
1110
1111 2 0 0.4375 0.5625 7
1112
1113 2 0 1 0 4
1114
1115 -10 -2 -35 -29 -5 10 7
1116
1117 2 0 0.19736842105263158 0.80263157894736847 7
1118
1119 2 0 0.032340425531914893 0.96765957446808515 4
1120
1121 7 -22 -47 -51 -5 10 4
1122
1123 6 -27 46 -39 -5 10 7
1124
1125 2 0 1 0 7
1126
1127 2 0 0.9342770475227502 0.065722952477249741 4
1128
1129 22 52 -21 -6 0 10 7
1130
1131 2 0 0.23312883435582821 0.76687116564417179 7
1132
1133 2 0 1 0 4
1134
1135 7 -11 -19 -41 -5 10 4
1136
1137 12 -14 -60 34 -5 10 4
1138
1139 -39 36 0 2 0 10 4
1140
1141 -38 3 -19 -19 0 10 7
1142
1143 2 0 0 1 4
1144
1145 -8 8 41 38 -5 10 7
1146
1147 2 0 0 1 7
1148
1149 2 0 0.97807017543859653 0.021929824561403508 4
1150
1151 13 -57 12 -13 0 10 4
1152
1153 -39 40 6 -32 0 10 7
1154
1155 2 0 1 0 7
1156
1157 2 0 0.014084507042253521 0.9859154929577465 4
1158
1159 26 8 25 -54 -5 10 7
1160
1161 2 0 0.59999999999999998 0.40000000000000002 7
1162
1163 2 0 0.98185920577617325 0.018140794223826716 4
1164
1165 -49 -3 -16 7 0 10 4
1166
1167 -23 -15 -30 -3 -5 10 4
1168
1169 13 -36 -19 -22 0 10 7
1170
1171 2 0 0.37583892617449666 0.62416107382550334 7
1172
1173 2 0 1 0 4
1174
1175 -38 16 -11 10 0 10 7
1176
1177 2 0 0.39041559496412614 0.60958440503587386 7
1178
1179 2 0 0.86780821917808215 0.13219178082191782 4
1180
1181 1 -5 -34 -50 -5 10 4
1182
1183 -7 -8 -40 17 -5 10 7
1184
1185 2 0 1 0 7
1186
1187 2 0 0.76800000000000002 0.23200000000000001 7
1188
1189 2 0 0 1 4
1190
1191 -33 -48 -23 -19 0 10 4
1192
1193 34 -55 8 12 0 10 4
1194
1195 -20 -18 -57 51 -5 10 4
1196
1197 0 2 13 -59 -5 10 7
1198
1199 2 0 0.95027124773960214 0.049728752260397829 7
1200
1201 2 0 0.372 0.628 4
1202
1203 3 -13 40 -53 -5 10 7
1204
1205 2 0 0.30903468080406449 0.69096531919593551 7
1206
1207 2 0 0.045842753077116299 0.95415724692288373 4
1208
1209 39 -21 -16 12 0 10 4
1210
1211 9 -8 1 49 -5 10 7
1212
1213 2 0 0.77448071216617209 0.22551928783382788 7
1214
1215 2 0 0.20965842167255594 0.79034157832744401 4
1216
1217 -13 -35 -4 -44 -5 10 7
1218
1219 2 0 0.066666666666666666 0.93333333333333335 7
1220
1221 2 0 0.99065420560747663 0.0093457943925233638 4
1222
1223 -10 -8 51 33 -5 10 7
1224
1225 2 0 1 0 7
1226
1227 2 0 0 1 4
1228
1229 -35 -25 -11 -7 0 10 4
1230
1231 -42 -9 -1 25 -5 10 4
1232
1233 13 12 -34 0 0 10 4
1234
1235 -23 13 22 38 -5 10 7
1236
1237 2 0 0 1 4
1238
1239 4 59 8 -21 0 10 7
1240
1241 2 0 1 0 7
1242
1243 2 0 0 1 4
1244
1245 17 9 -13 -54 -5 10 7
1246
1247 2 0 1 0 4
1248
1249 -10 -4 -4 -26 -5 10 7
1250
1251 2 0 0 1 4
1252
1253 -35 8 -43 53 -5 10 7
1254
1255 2 0 1 0 7
1256
1257 2 0 0 1 4
1258
1259 17 -13 -16 -34 0 10 4
1260
1261 11 16 -51 -1 -5 10 4
1262
1263 -19 -18 -22 24 -5 10 4
1264
1265 8 21 -57 51 -5 10 7
1266
1267 2 0 1 0 7
1268
1269 2 0 0 1 7
1270
1271 2 0 1 0 4
1272
1273 23 16 -39 16 0 10 4
1274
1275 32 19 55 -27 -5 10 7
1276
1277 2 0 0 1 4
1278
1279 -16 19 13 -8 -5 10 7
1280
1281 2 0 0.9913419913419913 0.008658008658008658 7
1282
1283 2 0 0.76201923076923073 0.23798076923076922 7
1284
1285 2 0 0 1 4
1286
1287 -16 -3 42 -12 -5 10 7
1288
1289 2 0 1 0 4
1290
1291 8 18 23 1 -5 10 4
1292
1293 -18 1 57 19 -5 10 7
1294
1295 2 0 1 0 4
1296
1297 -58 57 8 22 0 10 7
1298
1299 2 0 0.021276595744680851 0.97872340425531912 7
1300
1301 2 0 1 0 4
1302
1303 39 -2 -13 24 0 10 4
1304
1305 6 -17 56 53 -5 10 7
1306
1307 2 0 0 1 7
1308
1309 2 0 0.1111111111111111 0.88888888888888884 4
1310
1311 -57 51 5 21 0 10 7
1312
1313 2 0 0.028571428571428571 0.97142857142857142 7
1314
1315 2 0 1 0 4
1316
1317 3 -10 43 -15 -5 10 4
1318
1319 -15 17 -34 -13 0 10 4
1320
1321 -51 28 -13 -3 0 10 4
1322
1323 -56 47 7 -30 0 10 4
1324
1325 -54 -12 5 18 0 10 4
1326
1327 -25 -29 -10 -22 0 10 7
1328
1329 2 0 1 0 7
1330
1331 2 0 0 1 7
1332
1333 2 0 1 0 7
1334
1335 2 0 0 1 7
1336
1337 2 0 1 0 4
1338
1339 -36 -41 -36 -16 0 10 4
1340
1341 -2 -15 35 45 -5 10 4
1342
1343 -44 24 -18 6 0 10 7
1344
1345 2 0 0 1 7
1346
1347 2 0 1 0 4
1348
1349 -58 52 -23 11 0 10 7
1350
1351 2 0 0 1 7
1352
1353 2 0 1 0 4
1354
1355 51 -52 -37 -16 0 10 4
1356
1357 -9 8 45 -32 -5 10 7
1358
1359 2 0 1 0 4
1360
1361 -43 -8 40 -54 -5 10 7
1362
1363 2 0 0.73333333333333328 0.26666666666666666 7
1364
1365 2 0 0 1 7
1366
1367 2 0 0 1 4
1368
1369 -40 21 -21 10 0 10 4
1370
1371 -26 -16 -45 16 -5 10 7
1372
1373 2 0 1 0 4
1374
1375 -12 11 27 39 -5 10 4
1376
1377 6 19 17 48 -5 10 7
1378
1379 2 0 1 0 4
1380
1381 0 -12 43 35 -5 10 7
1382
1383 2 0 0.61513157894736847 0.38486842105263158 7
1384
1385 2 0 0.13712121212121212 0.86287878787878791 4
1386
1387 -29 14 4 -19 -5 10 7
1388
1389 2 0 0 1 7
1390
1391 2 0 1 0 4
1392
1393 -1 -10 -42 -60 -5 10 4
1394
1395 7 -49 -19 14 0 10 4
1396
1397 8 7 -23 -11 0 10 4
1398
1399 -14 -16 -47 44 -5 10 7
1400
1401 2 0 0 1 7
1402
1403 2 0 0.86524822695035464 0.13475177304964539 4
1404
1405 1 20 -2 -13 0 10 7
1406
1407 2 0 0.86440677966101698 0.13559322033898305 7
1408
1409 2 0 1 0 7
1410
1411 2 0 1 0 4
1412
1413 -30 3 29 56 -5 10 4
1414
1415 6 -26 -19 -9 0 10 7
1416
1417 2 0 0 1 7
1418
1419 2 0 1 0 4
1420
1421 57 8 5 17 0 10 4
1422
1423 -25 8 32 -45 -5 10 7
1424
1425 2 0 0.85377358490566035 0.14622641509433962 7
1426
1427 2 0 0.069565217391304349 0.93043478260869561 4
1428
1429 47 17 0 25 0 10 7
1430
1431 2 0 0.89583333333333337 0.10416666666666667 7
1432
1433 2 0 1 0 4
1434
1435 7 -24 4 -39 -5 10 4
1436
1437 -6 0 -60 -46 -5 10 4
1438
1439 -4 35 8 -3 0 10 4
1440
1441 -13 -3 -4 -48 -5 10 4
1442
1443 -14 -36 -18 -48 -5 10 4
1444
1445 5 17 16 53 -5 10 4
1446
1447 -18 -36 49 22 -5 10 4
1448
1449 -55 0 -18 0 0 10 7
1450
1451 2 0 0 1 4
1452
1453 45 37 -17 -2 0 10 7
1454
1455 2 0 0 1 7
1456
1457 2 0 1 0 7
1458
1459 2 0 1 0 4
1460
1461 21 -45 -19 -3 0 10 4
1462
1463 19 -15 4 -18 0 10 7
1464
1465 2 0 1 0 4
1466
1467 59 -41 1 -34 0 10 7
1468
1469 2 0 1 0 4
1470
1471 -36 -30 44 -32 -5 10 7
1472
1473 2 0 1 0 7
1474
1475 2 0 0 1 7
1476
1477 2 0 1 0 7
1478
1479 2 0 1 0 4
1480
1481 -38 4 7 24 0 10 4
1482
1483 -6 -55 -54 30 -5 10 7
1484
1485 2 0 1 0 4
1486
1487 -14 1 13 -49 -5 10 4
1488
1489 -48 -44 3 22 0 10 7
1490
1491 2 0 0 1 4
1492
1493 -23 11 -23 45 -5 10 4
1494
1495 5 -13 28 49 -5 10 7
1496
1497 2 0 0 1 7
1498
1499 2 0 0.8571428571428571 0.14285714285714285 4
1500
1501 44 31 8 -35 0 10 7
1502
1503 2 0 1 0 7
1504
1505 2 0 0 1 4
1506
1507 -12 -10 7 7 0 10 7
1508
1509 2 0 0 1 4
1510
1511 5 3 -10 -29 -5 10 7
1512
1513 2 0 1 0 4
1514
1515 24 57 0 -4 0 10 7
1516
1517 2 0 1 0 7
1518
1519 2 0 0.023255813953488372 0.97674418604651159 4
1520
1521 -37 -46 -4 41 0 10 4
1522
1523 4 1 22 -29 -5 10 4
1524
1525 -9 0 43 24 -5 10 4
1526
1527 32 -53 -18 -13 0 10 4
1528
1529 -16 46 8 -35 0 10 7
1530
1531 2 0 0.99883449883449882 0.0011655011655011655 7
1532
1533 2 0 0.25 0.75 7
1534
1535 2 0 0 1 4
1536
1537 57 42 17 -21 0 10 4
1538
1539 11 -30 57 -54 -5 10 7
1540
1541 2 0 0 1 7
1542
1543 2 0 0.80327868852459017 0.19672131147540983 7
1544
1545 2 0 1 0 4
1546
1547 -58 41 6 -9 0 10 7
1548
1549 2 0 1 0 4
1550
1551 9 -4 18 -21 -5 10 7
1552
1553 2 0 1 0 4
1554
1555 12 -5 10 -38 -5 10 7
1556
1557 2 0 1 0 7
1558
1559 2 0 0 1 4
1560
1561 -7 -5 14 11 -5 10 4
1562
1563 -4 6 -10 -19 -5 10 7
1564
1565 2 0 1 0 7
1566
1567 2 0 0 1 7
1568
1569 2 0 1 0 4
1570
1571 -14 -22 34 10 -5 10 7
1572
1573 2 0 1 0 4
1574
1575 14 -21 14 38 -5 10 4
1576
1577 -3 -37 21 -16 -5 10 7
1578
1579 2 0 0 1 7
1580
1581 2 0 1 0 4
1582
1583 -18 5 50 -21 0 10 4
1584
1585 -28 -38 -23 -22 0 10 4
1586
1587 5 -11 -8 2 -5 10 4
1588
1589 6 24 -60 52 -5 10 7
1590
1591 2 0 1 0 4
1592
1593 2 5 -9 -7 0 10 7
1594
1595 2 0 0.070707070707070704 0.92929292929292928 7
1596
1597 2 0 0.8920863309352518 0.1079136690647482 7
1598
1599 2 0 1 0 4
1600
1601 46 44 13 -22 0 10 7
1602
1603 2 0 0 1 7
1604
1605 2 0 1 0 7
1606
1607 2 0 0 1 4
1608
1609 21 -19 54 -34 -5 10 4
1610
1611 12 -1 -34 12 -5 10 4
1612
1613 59 -51 1 -37 0 10 4
1614
1615 31 48 18 -23 0 10 4
1616
1617 -4 -3 47 -40 -5 10 7
1618
1619 2 0 1 0 4
1620
1621 -57 -38 -6 -7 0 10 7
1622
1623 2 0 1 0 7
1624
1625 2 0 0 1 4
1626
1627 -12 56 1 -35 0 10 4
1628
1629 17 -18 49 19 -5 10 7
1630
1631 2 0 1 0 7
1632
1633 2 0 0 1 4
1634
1635 15 -38 -9 9 0 10 4
1636
1637 0 -18 -5 -4 -5 10 4
1638
1639 52 49 3 19 0 10 7
1640
1641 2 0 0 1 7
1642
1643 2 0 1 0 7
1644
1645 2 0 1 0 4
1646
1647 34 -27 20 21 0 10 4
1648
1649 23 9 -39 -35 -5 10 7
1650
1651 2 0 0 1 7
1652
1653 2 0 1 0 7
1654
1655 2 0 1 0 4
1656
1657 27 -51 21 -13 0 10 7
1658
1659 2 0 0 1 7
1660
1661 2 0 1 0 4
1662
1663 -7 10 21 -11 0 10 4
1664
1665 -6 -3 10 -25 0 10 4
1666
1667 -8 -31 0 3 0 10 7
1668
1669 2 0 1 0 7
1670
1671 2 0 0 1 4
1672
1673 23 -46 -13 -14 0 10 4
1674
1675 -2 25 -34 58 -5 10 4
1676
1677 16 -11 48 6 -5 10 4
1678
1679 -5 10 -7 26 -5 10 7
1680
1681 2 0 0 1 7
1682
1683 2 0 1 0 7
1684
1685 2 0 1 0 7
1686
1687 2 0 0 1 7
1688
1689 2 0 0 1 4
1690
1691 41 20 -8 -3 0 10 7
1692
1693 2 0 0 1 4
1694
1695 7 -5 -3 1 -5 10 7
1696
1697 2 0 1 0 7
1698
1699 2 0 0 1 4
1700
1701 18 6 21 51 -5 10 4
1702
1703 -31 48 -5 -33 0 10 4
1704
1705 -4 -31 -40 1 -5 10 4
1706
1707 -57 -50 16 -33 0 10 7
1708
1709 2 0 1 0 7
1710
1711 2 0 0 1 7
1712
1713 2 0 1 0 7
1714
1715 2 0 0 1 4
1716
1717 26 36 14 -23 0 10 4
1718
1719 -7 -7 -9 -53 -5 10 4
1720
1721 22 59 -10 -21 0 10 4
1722
1723 14 -21 -57 -27 -5 10 4
1724
1725 43 -55 18 -19 0 10 7
1726
1727 2 0 0 1 4
1728
1729 -43 40 23 34 0 10 7
1730
1731 2 0 1 0 7
1732
1733 2 0 0 1 7
1734
1735 2 0 0 1 4
1736
1737 -8 2 7 37 -5 10 7
1738
1739 2 0 1 0 4
1740
1741 -11 -5 36 -16 -5 10 4
1742
1743 9 -3 -5 18 0 10 7
1744
1745 2 0 1 0 7
1746
1747 2 0 0 1 4
1748
1749 -9 -3 -6 -50 -5 10 7
1750
1751 2 0 1 0 7
1752
1753 2 0 0.007716049382716049 0.99228395061728392 4
1754
1755 -24 43 5 5 0 10 7
1756
1757 2 0 0 1 7
1758
1759 2 0 1 0 4
1760
1761 -21 -59 9 -3 0 10 4
1762
1763 9 26 -51 15 -5 10 4
1764
1765 -10 6 -46 -28 -5 10 4
1766
1767 9 3 -27 6 -5 10 4
1768
1769 12 25 34 9 -5 10 7
1770
1771 2 0 0.953125 0.046875 7
1772
1773 2 0 0.53333333333333333 0.46666666666666667 7
1774
1775 2 0 0 1 4
1776
1777 50 27 -7 -10 0 10 4
1778
1779 -56 -9 -5 -28 0 10 7
1780
1781 2 0 1 0 7
1782
1783 2 0 0 1 7
1784
1785 2 0 0 1 7
1786
1787 2 0 0 1 4
1788
1789 20 7 -7 -25 0 10 4
1790
1791 -6 -4 -12 11 -5 10 4
1792
1793 17 -22 23 19 -5 10 7
1794
1795 2 0 1 0 4
1796
1797 2 -51 21 -8 0 10 7
1798
1799 2 0 0.69911504424778759 0.30088495575221241 7
1800
1801 2 0 0.076923076923076927 0.92307692307692313 4
1802
1803 -44 -45 18 -23 0 10 4
1804
1805 6 -47 18 -22 0 10 7
1806
1807 2 0 0.017301038062283738 0.98269896193771622 7
1808
1809 2 0 1 0 7
1810
1811 2 0 1 0 4
1812
1813 16 -8 -56 -11 -5 10 4
1814
1815 13 -27 -31 20 -5 10 7
1816
1817 2 0 1 0 4
1818
1819 15 46 -14 -12 0 10 7
1820
1821 2 0 1 0 7
1822
1823 2 0 0.5 0.5 4
1824
1825 -52 -30 -13 -7 0 10 4
1826
1827 -53 2 -8 -2 0 10 7
1828
1829 2 0 0.10000000000000001 0.90000000000000002 7
1830
1831 2 0 1 0 7
1832
1833 2 0 1 0 4
1834
1835 -40 -7 -20 8 0 10 4
1836
1837 21 -21 17 16 0 10 4
1838
1839 -39 -22 -3 -9 0 10 4
1840
1841 -9 23 29 -13 -5 10 4
1842
1843 -14 10 10 4 -5 10 4
1844
1845 -20 -27 -17 17 0 10 4
1846
1847 -44 -17 10 17 0 10 7
1848
1849 2 0 0 1 4
1850
1851 30 27 -9 27 0 10 7
1852
1853 2 0 0 1 7
1854
1855 2 0 1 0 4
1856
1857 -13 4 6 -38 -5 10 4
1858
1859 34 -45 -52 -4 0 10 4
1860
1861 39 -49 -15 36 0 10 7
1862
1863 2 0 0.75347222222222221 0.24652777777777779 7
1864
1865 2 0 0.11206896551724138 0.88793103448275867 4
1866
1867 -37 -6 57 39 -5 10 7
1868
1869 2 0 0 1 7
1870
1871 2 0 0.17142857142857143 0.82857142857142863 7
1872
1873 2 0 0 1 4
1874
1875 5 16 19 32 -5 10 4
1876
1877 -22 -43 10 8 0 10 7
1878
1879 2 0 0 1 4
1880
1881 25 24 -3 53 -5 10 4
1882
1883 -31 -12 5 32 0 10 7
1884
1885 2 0 0 1 7
1886
1887 2 0 1 0 4
1888
1889 -15 21 52 6 -5 10 7
1890
1891 2 0 1 0 7
1892
1893 2 0 0.92834224598930482 0.071657754010695185 4
1894
1895 22 -20 58 33 -5 10 7
1896
1897 2 0 1 0 7
1898
1899 2 0 0 1 4
1900
1901 35 4 26 -11 0 10 4
1902
1903 -15 -11 -29 3 -5 10 4
1904
1905 41 -49 -57 3 0 10 4
1906
1907 -18 -5 -58 50 -5 10 4
1908
1909 -41 -4 -34 -21 -5 10 7
1910
1911 2 0 0.96987951807228912 0.030120481927710843 7
1912
1913 2 0 0.65340179717586655 0.34659820282413351 4
1914
1915 -13 -3 -5 -29 -5 10 7
1916
1917 2 0 0.62637362637362637 0.37362637362637363 7
1918
1919 2 0 0.0036363636363636364 0.99636363636363634 4
1920
1921 -40 -12 7 -43 -5 10 7
1922
1923 2 0 0 1 7
1924
1925 2 0 1 0 4
1926
1927 20 13 -5 -23 -5 10 4
1928
1929 -3 -48 41 23 0 10 4
1930
1931 -10 28 1 -37 0 10 7
1932
1933 2 0 0.70402611534276383 0.29597388465723612 7
1934
1935 2 0 0.29384965831435078 0.70615034168564916 4
1936
1937 24 19 -23 46 -5 10 7
1938
1939 2 0 0.003552397868561279 0.99644760213143868 7
1940
1941 2 0 0.76923076923076927 0.23076923076923078 4
1942
1943 -4 18 47 15 -5 10 4
1944
1945 35 2 -9 -3 0 10 7
1946
1947 2 0 0.14262717321313587 0.85737282678686411 7
1948
1949 2 0 0.66866746698679469 0.33133253301320525 4
1950
1951 6 -13 -23 4 -5 10 7
1952
1953 2 0 0.085671342685370744 0.91432865731462931 7
1954
1955 2 0 0.022593864215306236 0.97740613578469382 4
1956
1957 1 2 -36 51 -5 10 4
1958
1959 -51 -45 28 -13 0 10 4
1960
1961 26 -49 -23 16 -5 10 7
1962
1963 2 0 0 1 4
1964
1965 -35 -34 4 8 0 10 7
1966
1967 2 0 0.6766169154228856 0.32338308457711445 7
1968
1969 2 0 1 0 7
1970
1971 2 0 1 0 4
1972
1973 45 44 29 -13 0 10 7
1974
1975 2 0 0 1 4
1976
1977 24 -42 21 11 0 10 7
1978
1979 2 0 1 0 7
1980
1981 2 0 0 1 4
1982
1983 6 -10 46 27 -5 10 4
1984
1985 -11 5 33 20 -5 10 4
1986
1987 -51 15 -13 9 0 10 4
1988
1989 59 29 10 -12 0 10 4
1990
1991 -20 -16 -39 23 -5 10 4
1992
1993 1 -22 -40 37 -5 10 7
1994
1995 2 0 1 0 7
1996
1997 2 0 0.57861635220125784 0.42138364779874216 4
1998
1999 19 25 9 12 0 10 7
2000
2001 2 0 0.11862106406080347 0.88137893593919647 7
2002
2003 2 0 0.34122448979591835 0.65877551020408165 4
2004
2005 27 -31 -6 -9 0 10 4
2006
2007 11 -20 24 -16 0 10 7
2008
2009 2 0 0 1 7
2010
2011 2 0 1 0 4
2012
2013 10 -13 -16 -25 -5 10 7
2014
2015 2 0 0.96025140139289966 0.039748598607100394 7
2016
2017 2 0 0.7265625 0.2734375 4
2018
2019 51 -49 -14 1 0 10 4
2020
2021 -13 -33 45 -49 -5 10 4
2022
2023 -47 -36 -11 -2 0 10 7
2024
2025 2 0 0 1 7
2026
2027 2 0 1 0 4
2028
2029 -11 -3 14 -33 -5 10 7
2030
2031 2 0 1 0 7
2032
2033 2 0 0.46715328467153283 0.53284671532846717 4
2034
2035 0 5 49 -30 -5 10 4
2036
2037 -39 33 6 -11 0 10 7
2038
2039 2 0 0.72832369942196529 0.27167630057803466 7
2040
2041 2 0 0.97569786535303782 0.024302134646962233 4
2042
2043 -19 -25 43 -37 -5 10 7
2044
2045 2 0 1 0 7
2046
2047 2 0 0.094339622641509441 0.90566037735849059 4
2048
2049 20 23 18 6 0 10 4
2050
2051 31 -8 12 -19 0 10 4
2052
2053 -53 53 -12 -23 0 10 4
2054
2055 6 52 9 -18 0 10 7
2056
2057 2 0 0.046055854973052424 0.95394414502694758 7
2058
2059 2 0 0.26521176253005363 0.73478823746994637 4
2060
2061 49 -19 -20 -4 0 10 7
2062
2063 2 0 0.46365105008077545 0.53634894991922455 7
2064
2065 2 0 1 0 4
2066
2067 -56 -13 10 -3 0 10 4
2068
2069 14 -16 -44 -36 -5 10 7
2070
2071 2 0 0.058635394456289978 0.94136460554371004 7
2072
2073 2 0 1 0 4
2074
2075 18 -35 50 23 -5 10 7
2076
2077 2 0 0.27379949452401009 0.72620050547598991 7
2078
2079 2 0 0.85567222565369572 0.14432777434630431 4
2080
2081 1 -19 -14 49 -5 10 4
2082
2083 -35 22 -5 -30 0 10 4
2084
2085 34 -23 22 -58 -5 10 7
2086
2087 2 0 0 1 7
2088
2089 2 0 0.99963490324936111 0.00036509675063891932 4
2090
2091 43 -58 -7 3 0 10 7
2092
2093 2 0 0.025000000000000001 0.97499999999999998 7
2094
2095 2 0 0.7384615384615385 0.26153846153846155 4
2096
2097 17 11 34 50 -5 10 4
2098
2099 -48 -58 -4 -9 0 10 7
2100
2101 2 0 0.89898989898989901 0.10101010101010101 7
2102
2103 2 0 1 0 4
2104
2105 -45 -9 34 -16 0 10 7
2106
2107 2 0 0.58736717827626916 0.41263282172373084 7
2108
2109 2 0 0.098930481283422467 0.90106951871657759 4
2110
2111 -23 -14 -21 -55 -5 10 4
2112
2113 -2 -19 -52 54 -5 10 7
2114
2115 2 0 1 0 4
2116
2117 -37 -13 -24 8 0 10 4
2118
2119 41 23 -14 -23 0 10 4
2120
2121 -47 -39 -28 -15 0 10 7
2122
2123 2 0 0.92708333333333337 0.072916666666666671 7
2124
2125 2 0 0 1 4
2126
2127 -28 -24 -20 -19 0 10 7
2128
2129 2 0 0.086614173228346455 0.91338582677165359 7
2130
2131 2 0 0.63013698630136983 0.36986301369863012 4
2132
2133 20 -30 -8 -16 0 10 4
2134
2135 -11 -17 -7 18 -5 10 7
2136
2137 2 0 0 1 7
2138
2139 2 0 1 0 4
2140
2141 22 -28 -8 9 0 10 7
2142
2143 2 0 0 1 7
2144
2145 2 0 0.99863574351978168 0.001364256480218281 4
2146
2147 -11 17 -8 29 -5 10 4
2148
2149 -35 -8 -2 10 0 10 4
2150
2151 -50 13 41 -13 -5 10 4
2152
2153 -58 9 -53 -46 -5 10 7
2154
2155 2 0 0.02553191489361702 0.97446808510638294 7
2156
2157 2 0 0.26686217008797652 0.73313782991202348 4
2158
2159 41 -36 -51 -12 0 10 7
2160
2161 2 0 1 0 7
2162
2163 2 0 0 1 4
2164
2165 -11 -4 37 -44 -5 10 4
2166
2167 2 -5 -36 -1 0 10 7
2168
2169 2 0 0.99572649572649574 0.0042735042735042739 7
2170
2171 2 0 0.7384615384615385 0.26153846153846155 4
2172
2173 7 22 -20 -54 -5 10 7
2174
2175 2 0 0.94915254237288138 0.050847457627118647 7
2176
2177 2 0 0.042553191489361701 0.95744680851063835 4
2178
2179 -13 -52 -16 12 0 10 4
2180
2181 34 -48 5 -11 0 10 4
2182
2183 -23 -15 -52 -2 -5 10 7
2184
2185 2 0 0.86046511627906974 0.13953488372093023 7
2186
2187 2 0 0.042202347680268308 0.95779765231973168 4
2188
2189 -40 -6 4 9 0 10 7
2190
2191 2 0 1 0 7
2192
2193 2 0 0 1 4
2194
2195 -45 -23 0 4 0 10 4
2196
2197 -12 -18 -47 15 0 10 7
2198
2199 2 0 0 1 7
2200
2201 2 0 1 0 4
2202
2203 30 -42 -58 -10 0 10 7
2204
2205 2 0 0.995253164556962 0.0047468354430379748 7
2206
2207 2 0 0.24489795918367346 0.75510204081632648 4
2208
2209 3 9 -5 -17 -5 10 4
2210
2211 15 5 57 42 -5 10 4
2212
2213 2 25 36 24 0 10 4
2214
2215 -17 32 16 21 0 10 4
2216
2217 2 -9 -35 -4 -5 10 4
2218
2219 -55 -57 -1 -7 0 10 4
2220
2221 -16 -48 22 -6 0 10 7
2222
2223 2 0 0 1 7
2224
2225 2 0 0.96359223300970875 0.03640776699029126 7
2226
2227 2 0 1 0 4
2228
2229 -2 -4 -28 31 -5 10 4
2230
2231 -27 -44 24 19 0 10 7
2232
2233 2 0 0.90485436893203886 0.095145631067961159 7
2234
2235 2 0 0.026119402985074626 0.97388059701492535 4
2236
2237 11 -35 21 -7 0 10 7
2238
2239 2 0 0.096722621902478018 0.90327737809752195 7
2240
2241 2 0 0.61680672268907566 0.3831932773109244 4
2242
2243 -2 -2 -4 33 -5 10 4
2244
2245 9 -1 58 47 -5 10 4
2246
2247 -39 49 2 16 0 10 7
2248
2249 2 0 0.96280991735537191 0.0371900826446281 7
2250
2251 2 0 1 0 7
2252
2253 2 0 0 1 4
2254
2255 21 18 -19 48 -5 10 4
2256
2257 -55 35 23 20 0 10 7
2258
2259 2 0 0.88284910965323338 0.11715089034676664 7
2260
2261 2 0 1 0 4
2262
2263 42 55 -8 24 0 10 7
2264
2265 2 0 0.45918367346938777 0.54081632653061229 7
2266
2267 2 0 0.98563734290843807 0.014362657091561939 4
2268
2269 4 23 34 -46 -5 10 4
2270
2271 -51 -6 -3 21 0 10 7
2272
2273 2 0 0 1 7
2274
2275 2 0 1 0 4
2276
2277 16 -10 7 1 0 10 7
2278
2279 2 0 0 1 4
2280
2281 -49 -34 44 -2 0 10 7
2282
2283 2 0 1 0 7
2284
2285 2 0 0 1 4
2286
2287 -14 27 46 -36 -5 10 4
2288
2289 28 -42 6 -17 0 10 7
2290
2291 2 0 1 0 7
2292
2293 2 0 0 1 4
2294
2295 -9 5 -7 -49 -5 10 4
2296
2297 -11 25 51 -42 -5 10 4
2298
2299 -31 -58 -19 16 0 10 7
2300
2301 2 0 1 0 4
2302
2303 1 -48 10 4 0 10 7
2304
2305 2 0 0.18229166666666666 0.81770833333333337 7
2306
2307 2 0 1 0 4
2308
2309 -16 4 16 -22 -5 10 7
2310
2311 2 0 1 0 4
2312
2313 44 1 -8 23 0 10 7
2314
2315 2 0 0 1 7
2316
2317 2 0 0.14594594594594595 0.8540540540540541 7
2318
2319 2 0 0 1 4
2320
2321 -59 15 1 38 0 10 4
2322
2323 -53 6 9 22 0 10 4
2324
2325 60 46 0 15 0 10 4
2326
2327 -21 50 0 33 0 10 7
2328
2329 2 0 0 1 7
2330
2331 2 0 1 0 7
2332
2333 2 0 1 0 4
2334
2335 47 19 -11 -12 0 10 4
2336
2337 25 -58 0 -4 0 10 4
2338
2339 10 -48 11 -9 0 10 4
2340
2341 11 17 -12 -22 -5 10 7
2342
2343 2 0 0 1 7
2344
2345 2 0 1 0 7
2346
2347 2 0 0 1 4
2348
2349 -7 -1 -15 12 0 10 4
2350
2351 13 -39 59 51 -5 10 7
2352
2353 2 0 0.35714285714285715 0.6428571428571429 7
2354
2355 2 0 0.93856209150326797 0.061437908496732023 4
2356
2357 -23 -55 15 -33 0 10 7
2358
2359 2 0 1 0 7
2360
2361 2 0 0 1 4
2362
2363 57 26 -16 27 0 10 4
2364
2365 -46 46 -14 28 0 10 7
2366
2367 2 0 0 1 4
2368
2369 10 -3 14 -12 0 10 7
2370
2371 2 0 1 0 7
2372
2373 2 0 0 1 4
2374
2375 13 -34 17 13 0 10 7
2376
2377 2 0 0 1 7
2378
2379 2 0 1 0 4
2380
2381 19 -18 -8 -32 -5 10 4
2382
2383 -13 -24 -1 39 0 10 4
2384
2385 0 2 -42 -36 -5 10 4
2386
2387 4 -26 31 3 0 10 4
2388
2389 -8 -7 18 49 -5 10 7
2390
2391 2 0 0 1 7
2392
2393 2 0 0.97619047619047616 0.023809523809523808 4
2394
2395 6 11 -13 52 -5 10 7
2396
2397 2 0 1 0 7
2398
2399 2 0 0 1 7
2400
2401 2 0 0 1 7
2402
2403 2 0 0 1 4
2404
2405 53 -32 -5 2 0 10 4
2406
2407 -25 -28 25 -11 0 10 7
2408
2409 2 0 0 1 4
2410
2411 6 45 -3 -49 -5 10 7
2412
2413 2 0 0 1 4
2414
2415 -35 2 9 46 0 10 7
2416
2417 2 0 0 1 7
2418
2419 2 0 1 0 4
2420
2421 -16 28 -14 -44 -5 10 4
2422
2423 -51 -31 -16 8 0 10 7
2424
2425 2 0 0 1 4
2426
2427 18 12 2 39 0 10 7
2428
2429 2 0 1 0 7
2430
2431 2 0 0 1 7
2432
2433 2 0 1 0 4
2434
2435 -55 19 2 -4 0 10 4
2436
2437 -14 -59 -22 15 0 10 4
2438
2439 49 38 -31 -11 0 10 4
2440
2441 51 -2 -20 17 0 10 4
2442
2443 -2 -7 59 17 -5 10 4
2444
2445 -24 -10 58 -50 -5 10 4
2446
2447 48 -51 -16 -19 0 10 7
2448
2449 2 0 1 0 4
2450
2451 46 -46 -34 -1 0 10 7
2452
2453 2 0 0.94202898550724634 0.057971014492753624 7
2454
2455 2 0 0 1 4
2456
2457 -20 -6 -52 -18 -5 10 4
2458
2459 -25 8 -55 -46 -5 10 7
2460
2461 2 0 0.38690476190476192 0.61309523809523814 7
2462
2463 2 0 0 1 7
2464
2465 2 0 0 1 4
2466
2467 -19 29 1 21 0 10 7
2468
2469 2 0 0 1 4
2470
2471 47 1 4 1 0 10 7
2472
2473 2 0 0 1 4
2474
2475 11 -24 -21 12 0 10 7
2476
2477 2 0 0.48076923076923078 0.51923076923076927 7
2478
2479 2 0 0.093457943925233641 0.90654205607476634 4
2480
2481 -27 32 56 -51 -5 10 4
2482
2483 -5 -15 18 -39 -5 10 7
2484
2485 2 0 1 0 7
2486
2487 2 0 0 1 7
2488
2489 2 0 1 0 7
2490
2491 2 0 1 0 4
2492
2493 -6 -4 -35 1 0 10 4
2494
2495 -32 -20 -25 18 0 10 4
2496
2497 -6 -5 -7 -14 -5 10 4
2498
2499 13 41 0 -2 0 10 4
2500
2501 8 -13 2 2 0 10 4
2502
2503 49 6 -17 -12 0 10 7
2504
2505 2 0 1 0 7
2506
2507 2 0 0.19387755102040816 0.80612244897959184 4
2508
2509 -24 -24 -17 24 0 10 7
2510
2511 2 0 0.02329450915141431 0.97670549084858571 7
2512
2513 2 0 0.3125 0.6875 4
2514
2515 14 -45 -24 52 0 10 4
2516
2517 -25 14 20 6 -5 10 7
2518
2519 2 0 1 0 7
2520
2521 2 0 0.84865470852017932 0.15134529147982062 4
2522
2523 -57 32 3 -1 0 10 7
2524
2525 2 0 0.048387096774193547 0.95161290322580649 7
2526
2527 2 0 1 0 4
2528
2529 19 -40 1 -38 0 10 4
2530
2531 44 -34 -1 -33 0 10 4
2532
2533 38 49 11 -11 0 10 7
2534
2535 2 0 1 0 7
2536
2537 2 0 0.78333333333333333 0.21666666666666667 4
2538
2539 -23 1 -22 -17 -5 10 7
2540
2541 2 0 0.98630136986301364 0.013698630136986301 7
2542
2543 2 0 0 1 4
2544
2545 41 5 -4 -16 0 10 7
2546
2547 2 0 1 0 4
2548
2549 -40 -1 -11 21 0 10 7
2550
2551 2 0 1 0 7
2552
2553 2 0 0 1 4
2554
2555 -37 -2 -56 30 -5 10 4
2556
2557 -1 -1 35 41 -5 10 4
2558
2559 17 -6 8 6 0 10 7
2560
2561 2 0 1 0 7
2562
2563 2 0 0 1 7
2564
2565 2 0 0 1 4
2566
2567 8 -8 -5 14 -5 10 4
2568
2569 -21 23 30 -40 -5 10 7
2570
2571 2 0 1 0 7
2572
2573 2 0 0 1 4
2574
2575 -12 -25 -36 29 0 10 7
2576
2577 2 0 1 0 4
2578
2579 -26 23 2 22 0 10 7
2580
2581 2 0 0.45454545454545453 0.54545454545454541 7
2582
2583 2 0 1 0 4
2584
2585 -49 25 13 28 0 10 4
2586
2587 -4 -5 -6 -1 0 10 4
2588
2589 -3 45 -36 -3 0 10 4
2590
2591 12 5 -58 -5 -5 10 4
2592
2593 30 42 -2 0 0 10 7
2594
2595 2 0 0.060606060606060608 0.93939393939393945 7
2596
2597 2 0 0.98989898989898994 0.010101010101010102 7
2598
2599 2 0 0 1 4
2600
2601 -49 -37 -39 -2 0 10 4
2602
2603 -14 -38 -46 8 0 10 7
2604
2605 2 0 0 1 7
2606
2607 2 0 0.90909090909090906 0.090909090909090912 7
2608
2609 2 0 0 1 4
2610
2611 -12 43 -22 4 0 10 7
2612
2613 2 0 1 0 4
2614
2615 -34 0 43 38 -5 10 4
2616
2617 -15 7 -35 22 0 10 7
2618
2619 2 0 0 1 7
2620
2621 2 0 0.32558139534883723 0.67441860465116277 7
2622
2623 2 0 1 0 7
2624
2625 2 0 1 0 4
2626
2627 54 27 3 -9 0 10 4
2628
2629 48 -4 -21 13 0 10 4
2630
2631 5 0 7 20 -5 10 4
2632
2633 19 47 -20 12 0 10 4
2634
2635 -17 15 25 37 -5 10 7
2636
2637 2 0 1 0 4
2638
2639 18 13 17 13 -5 10 4
2640
2641 36 14 -37 16 -5 10 7
2642
2643 2 0 0.02564102564102564 0.97435897435897434 7
2644
2645 2 0 0.88095238095238093 0.11904761904761904 4
2646
2647 -35 -7 40 55 -5 10 7
2648
2649 2 0 1 0 7
2650
2651 2 0 0.027533039647577091 0.97246696035242286 4
2652
2653 21 47 -27 4 0 10 4
2654
2655 -20 -4 -38 -50 -5 10 7
2656
2657 2 0 1 0 4
2658
2659 46 36 -16 18 0 10 7
2660
2661 2 0 0.12698412698412698 0.87301587301587302 7
2662
2663 2 0 1 0 4
2664
2665 -41 14 -30 19 -5 10 7
2666
2667 2 0 1 0 4
2668
2669 36 38 4 2 0 10 7
2670
2671 2 0 0.68085106382978722 0.31914893617021278 7
2672
2673 2 0 0.0099502487562189053 0.99004975124378114 4
2674
2675 -21 6 -23 -16 -5 10 4
2676
2677 -2 6 -5 -22 -5 10 4
2678
2679 35 -31 -29 -5 0 10 4
2680
2681 48 22 -21 8 0 10 7
2682
2683 2 0 0 1 7
2684
2685 2 0 0.95205479452054798 0.047945205479452052 4
2686
2687 -41 6 45 35 -5 10 7
2688
2689 2 0 1 0 7
2690
2691 2 0 0 1 4
2692
2693 19 -33 -16 -15 0 10 4
2694
2695 8 -15 -7 13 0 10 7
2696
2697 2 0 0 1 7
2698
2699 2 0 1 0 4
2700
2701 -18 24 7 -34 0 10 7
2702
2703 2 0 0.0032894736842105261 0.99671052631578949 7
2704
2705 2 0 1 0 4
2706
2707 8 -16 3 44 -5 10 4
2708
2709 -26 54 5 24 0 10 7
2710
2711 2 0 0 1 7
2712
2713 2 0 1 0 4
2714
2715 20 38 -10 -4 0 10 4
2716
2717 5 -1 -14 27 -5 10 7
2718
2719 2 0 0 1 7
2720
2721 2 0 1 0 4
2722
2723 -7 10 56 51 -5 10 7
2724
2725 2 0 1 0 7
2726
2727 2 0 0.85067873303167418 0.14932126696832579 4
2728
2729 10 -59 -33 -2 0 10 4
2730
2731 -17 19 -52 56 -5 10 4
2732
2733 1 10 26 -3 0 10 4
2734
2735 -27 23 -26 -57 -5 10 4
2736
2737 19 1 14 8 0 10 7
2738
2739 2 0 1 0 7
2740
2741 2 0 0 1 7
2742
2743 2 0 1 0 7
2744
2745 2 0 0 1 4
2746
2747 -22 24 -35 -20 -5 10 7
2748
2749 2 0 0 1 4
2750
2751 1 -7 32 27 -5 10 4
2752
2753 -38 25 -8 -23 -5 10 7
2754
2755 2 0 0 1 7
2756
2757 2 0 1 0 4
2758
2759 -7 -3 30 -58 -5 10 7
2760
2761 2 0 0.52768729641693812 0.47231270358306188 7
2762
2763 2 0 0.9965870307167235 0.0034129692832764505 4
2764
2765 -26 56 1 -6 0 10 4
2766
2767 23 19 47 -36 -5 10 4
2768
2769 1 5 -12 5 0 10 7
2770
2771 2 0 1 0 7
2772
2773 2 0 0 1 4
2774
2775 -30 -26 -22 -3 0 10 4
2776
2777 44 58 -8 1 0 10 7
2778
2779 2 0 0.14136125654450263 0.8586387434554974 7
2780
2781 2 0 0.9138755980861244 0.086124401913875603 4
2782
2783 19 19 5 -51 -5 10 7
2784
2785 2 0 0.7931034482758621 0.20689655172413793 7
2786
2787 2 0 0.075546719681908542 0.92445328031809149 4
2788
2789 8 -13 -56 36 -5 10 4
2790
2791 29 -14 29 7 0 10 7
2792
2793 2 0 0 1 7
2794
2795 2 0 1 0 4
2796
2797 18 2 -33 19 0 10 4
2798
2799 -36 2 -10 18 -5 10 7
2800
2801 2 0 0.92753623188405798 0.072463768115942032 7
2802
2803 2 0 1 0 4
2804
2805 -7 -11 10 -2 0 10 7
2806
2807 2 0 0.022421524663677129 0.97757847533632292 7
2808
2809 2 0 0.8595744680851064 0.14042553191489363 4
2810
2811 0 -10 8 0 0 10 4
2812
2813 40 -21 -7 7 0 10 4
2814
2815 -32 51 -36 -11 0 10 4
2816
2817 16 13 -7 -18 -5 10 4
2818
2819 -43 52 -11 -16 0 10 7
2820
2821 2 0 1 0 4
2822
2823 33 7 -14 38 -5 10 7
2824
2825 2 0 1 0 7
2826
2827 2 0 0 1 4
2828
2829 23 6 52 49 -5 10 7
2830
2831 2 0 1 0 4
2832
2833 -8 2 6 9 -5 10 7
2834
2835 2 0 0 1 7
2836
2837 2 0 0.82758620689655171 0.17241379310344829 4
2838
2839 -35 -1 56 10 -5 10 7
2840
2841 2 0 0 1 7
2842
2843 2 0 1 0 4
2844
2845 -16 16 -21 47 0 10 4
2846
2847 -54 -37 -20 9 0 10 4
2848
2849 -13 11 17 -50 -5 10 4
2850
2851 -1 -14 5 16 -5 10 7
2852
2853 2 0 1 0 7
2854
2855 2 0 0.71562499999999996 0.28437499999999999 7
2856
2857 2 0 1 0 4
2858
2859 -4 -8 53 24 -5 10 4
2860
2861 -16 49 -48 10 0 10 7
2862
2863 2 0 1 0 7
2864
2865 2 0 0.97959183673469385 0.020408163265306121 4
2866
2867 -41 -3 -41 -44 -5 10 7
2868
2869 2 0 0.14285714285714285 0.8571428571428571 7
2870
2871 2 0 1 0 4
2872
2873 -56 11 -26 5 0 10 7
2874
2875 2 0 0 1 7
2876
2877 2 0 1 0 4
2878
2879 -36 23 21 12 0 10 4
2880
2881 -27 32 -22 -3 0 10 4
2882
2883 14 -15 -23 21 0 10 4
2884
2885 -42 20 56 43 -5 10 4
2886
2887 -35 13 -4 24 -5 10 7
2888
2889 2 0 0 1 7
2890
2891 2 0 1 0 7
2892
2893 2 0 1 0 4
2894
2895 -11 8 46 -25 -5 10 7
2896
2897 2 0 0 1 7
2898
2899 2 0 1 0 4
2900
2901 5 -11 -43 -45 -5 10 4
2902
2903 -52 -35 22 -13 0 10 4
2904
2905 22 -46 -1 14 0 10 7
2906
2907 2 0 0 1 7
2908
2909 2 0 0.010752688172043012 0.989247311827957 4
2910
2911 -32 -11 15 -51 -5 10 7
2912
2913 2 0 0.030303030303030304 0.96969696969696972 7
2914
2915 2 0 0.9375 0.0625 4
2916
2917 10 -8 34 -59 -5 10 7
2918
2919 2 0 1 0 4
2920
2921 12 -4 58 -57 -5 10 7
2922
2923 2 0 0.84615384615384615 0.15384615384615385 7
2924
2925 2 0 0.012345679012345678 0.98765432098765427 4
2926
2927 13 -17 18 15 0 10 4
2928
2929 49 -40 -13 11 0 10 7
2930
2931 2 0 1 0 4
2932
2933 4 13 -42 -50 -5 10 4
2934
2935 -42 -56 -32 9 0 10 7
2936
2937 2 0 1 0 7
2938
2939 2 0 0.5 0.5 4
2940
2941 -8 -10 -20 5 0 10 7
2942
2943 2 0 0 1 7
2944
2945 2 0 0.91803278688524592 0.081967213114754092 4
2946
2947 13 -7 6 30 -5 10 4
2948
2949 -36 -50 22 14 0 10 4
2950
2951 -45 -10 -36 -6 0 10 7
2952
2953 2 0 1 0 7
2954
2955 2 0 0.80000000000000004 0.20000000000000001 4
2956
2957 35 -14 -39 1 -5 10 7
2958
2959 2 0 0 1 7
2960
2961 2 0 1 0 4
2962
2963 -41 0 -50 -12 -5 10 7
2964
2965 2 0 0 1 7
2966
2967 2 0 1 0 4
2968
2969 38 -2 20 -13 0 10 4
2970
2971 -20 -54 -15 19 0 10 4
2972
2973 -32 -3 -16 -11 0 10 4
2974
2975 18 19 -35 31 -5 10 4
2976
2977 -2 36 8 20 0 10 4
2978
2979 34 -32 6 54 0 10 4
2980
2981 -1 21 10 16 0 10 4
2982
2983 15 -18 41 55 -5 10 4
2984
2985 -17 -20 10 -16 0 10 7
2986
2987 2 0 0 1 4
2988
2989 -15 -14 -35 -10 -5 10 7
2990
2991 2 0 0 1 7
2992
2993 2 0 0.94444444444444442 0.055555555555555552 4
2994
2995 51 22 37 51 -5 10 4
2996
2997 -48 -60 23 4 0 10 7
2998
2999 2 0 1 0 7
3000
3001 2 0 0 1 4
3002
3003 36 5 -8 0 0 10 7
3004
3005 2 0 0.0033557046979865771 0.99664429530201337 7
3006
3007 2 0 0.25510204081632654 0.74489795918367352 4
3008
3009 36 8 2 -4 -5 10 7
3010
3011 2 0 0 1 4
3012
3013 24 15 -54 54 -5 10 4
3014
3015 -44 4 4 -6 0 10 7
3016
3017 2 0 0.20000000000000001 0.80000000000000004 7
3018
3019 2 0 0.99268738574040216 0.0073126142595978062 4
3020
3021 0 14 -5 -16 -5 10 7
3022
3023 2 0 1 0 7
3024
3025 2 0 0 1 4
3026
3027 -59 51 18 55 0 10 4
3028
3029 20 23 -9 -16 -5 10 7
3030
3031 2 0 0 1 4
3032
3033 30 7 54 -6 -5 10 7
3034
3035 2 0 0 1 4
3036
3037 0 34 47 3 -5 10 7
3038
3039 2 0 0.99890829694323147 0.0010917030567685589 7
3040
3041 2 0 0 1 4
3042
3043 -4 36 27 -13 -5 10 4
3044
3045 15 46 -42 54 -5 10 7
3046
3047 2 0 0 1 7
3048
3049 2 0 1 0 4
3050
3051 21 55 -30 42 -5 10 4
3052
3053 12 42 -45 8 -5 10 7
3054
3055 2 0 0 1 7
3056
3057 2 0 1 0 4
3058
3059 42 -23 17 9 0 10 7
3060
3061 2 0 0 1 7
3062
3063 2 0 0.89552238805970152 0.1044776119402985 4
3064
3065 10 2 -21 37 -5 10 4
3066
3067 0 9 -10 -44 -5 10 4
3068
3069 23 18 50 53 -5 10 7
3070
3071 2 0 1 0 4
3072
3073 51 24 -21 22 -5 10 4
3074
3075 7 20 37 -3 -5 10 7
3076
3077 2 0 0.47222222222222221 0.52777777777777779 7
3078
3079 2 0 0 1 4
3080
3081 55 22 -7 3 0 10 7
3082
3083 2 0 0.79087193460490468 0.20912806539509537 7
3084
3085 2 0 1 0 4
3086
3087 57 54 -6 -19 0 10 7
3088
3089 2 0 0 1 7
3090
3091 2 0 1 0 4
3092
3093 25 -26 7 -25 0 10 7
3094
3095 2 0 0 1 4
3096
3097 38 38 11 6 0 10 4
3098
3099 -4 -24 37 -51 -5 10 7
3100
3101 2 0 1 0 7
3102
3103 2 0 0 1 7
3104
3105 2 0 0 1 4
3106
3107 -2 -7 -49 -58 -5 10 4
3108
3109 1 -38 13 15 0 10 4
3110
3111 34 51 14 -15 0 10 4
3112
3113 43 -12 -10 8 0 10 4
3114
3115 -13 -16 19 -13 -5 10 4
3116
3117 -27 -1 54 17 -5 10 7
3118
3119 2 0 0.20516962843295639 0.79483037156704361 7
3120
3121 2 0 0.80398009950248761 0.19601990049751244 4
3122
3123 49 -12 10 9 0 10 7
3124
3125 2 0 0.038339009117873225 0.96166099088212675 7
3126
3127 2 0 0.25401431611530279 0.74598568388469721 4
3128
3129 13 -7 4 -58 -5 10 4
3130
3131 43 23 9 -8 0 10 7
3132
3133 2 0 0.1489841986455982 0.8510158013544018 7
3134
3135 2 0 0.91383071553228623 0.086169284467713783 4
3136
3137 -37 25 -23 -16 0 10 7
3138
3139 2 0 0.32328248182655883 0.67671751817344117 7
3140
3141 2 0 0.97870280735721205 0.021297192642787996 4
3142
3143 -7 2 -55 -43 -5 10 4
3144
3145 -6 -5 54 9 -5 10 4
3146
3147 -52 8 26 9 0 10 7
3148
3149 2 0 0.9293426484598285 0.070657351540171484 7
3150
3151 2 0 0.2824858757062147 0.71751412429378536 4
3152
3153 15 -21 -14 -27 -5 10 7
3154
3155 2 0 0.69444444444444442 0.30555555555555558 7
3156
3157 2 0 0.025906735751295335 0.97409326424870468 4
3158
3159 47 -50 13 -5 0 10 4
3160
3161 44 -48 -10 -4 0 10 7
3162
3163 2 0 0 1 7
3164
3165 2 0 0.47463768115942029 0.52536231884057971 4
3166
3167 -46 -3 19 -14 0 10 7
3168
3169 2 0 0.2178189181371131 0.78218108186288693 7
3170
3171 2 0 0.75741613529248686 0.24258386470751317 4
3172
3173 17 0 60 -13 -5 10 4
3174
3175 22 47 -39 -14 -5 10 4
3176
3177 43 -45 -6 32 0 10 4
3178
3179 13 24 -2 11 -5 10 7
3180
3181 2 0 0 1 7
3182
3183 2 0 1 0 7
3184
3185 2 0 0 1 4
3186
3187 -54 -15 -4 -9 0 10 4
3188
3189 25 17 5 -13 0 10 7
3190
3191 2 0 0.97851239669421486 0.021487603305785124 7
3192
3193 2 0 0.63452914798206284 0.36547085201793722 4
3194
3195 59 24 3 12 0 10 7
3196
3197 2 0 0 1 7
3198
3199 2 0 1 0 4
3200
3201 -41 -37 12 -1 0 10 4
3202
3203 -52 -6 -8 -20 0 10 7
3204
3205 2 0 0 1 4
3206
3207 -9 -7 -11 5 0 10 7
3208
3209 2 0 0.12857142857142856 0.87142857142857144 7
3210
3211 2 0 0.81818181818181823 0.18181818181818182 4
3212
3213 -34 -18 -13 12 0 10 4
3214
3215 -53 49 3 -11 0 10 7
3216
3217 2 0 0.99186991869918695 0.008130081300813009 7
3218
3219 2 0 0.36945812807881773 0.63054187192118227 4
3220
3221 58 14 -8 -5 0 10 7
3222
3223 2 0 0.64035087719298245 0.35964912280701755 7
3224
3225 2 0 1 0 4
3226
3227 14 16 15 -22 -5 10 4
3228
3229 -6 -1 -10 -45 -5 10 4
3230
3231 -27 -35 -5 18 0 10 4
3232
3233 23 13 6 -12 0 10 4
3234
3235 -10 9 38 22 -5 10 7
3236
3237 2 0 0.076923076923076927 0.92307692307692313 7
3238
3239 2 0 0.87128712871287128 0.12871287128712872 4
3240
3241 -21 -13 14 -20 -5 10 7
3242
3243 2 0 0.12676056338028169 0.87323943661971826 7
3244
3245 2 0 0 1 4
3246
3247 11 22 -21 54 -5 10 4
3248
3249 20 36 14 60 0 10 7
3250
3251 2 0 0.97079439252336452 0.029205607476635514 7
3252
3253 2 0 0 1 4
3254
3255 26 22 4 26 0 10 7
3256
3257 2 0 0.76470588235294112 0.23529411764705882 7
3258
3259 2 0 0.18834080717488788 0.81165919282511212 4
3260
3261 40 22 23 12 0 10 4
3262
3263 -13 21 -46 -14 -5 10 7
3264
3265 2 0 1 0 4
3266
3267 -38 -5 -21 12 0 10 7
3268
3269 2 0 0.055729041556569783 0.94427095844343023 7
3270
3271 2 0 0.21212121212121213 0.78787878787878785 4
3272
3273 5 -8 2 -22 -5 10 4
3274
3275 19 -5 24 27 -5 10 7
3276
3277 2 0 0.85006518904823991 0.14993481095176012 7
3278
3279 2 0 0.065420560747663545 0.93457943925233644 4
3280
3281 -13 -10 -6 22 0 10 7
3282
3283 2 0 0 1 7
3284
3285 2 0 0.76666666666666672 0.23333333333333334 4
3286
3287 52 -31 24 -8 0 10 4
3288
3289 26 -9 9 18 0 10 4
3290
3291 -3 57 -12 18 0 10 4
3292
3293 40 -51 14 14 0 10 7
3294
3295 2 0 0.0020991865652059826 0.99790081343479398 7
3296
3297 2 0 0.025362318840579712 0.97463768115942029 4
3298
3299 -25 -27 10 4 0 10 7
3300
3301 2 0 0.01507936507936508 0.98492063492063497 7
3302
3303 2 0 1 0 4
3304
3305 -10 14 14 -47 -5 10 4
3306
3307 47 37 -6 -4 0 10 7
3308
3309 2 0 0.14602446483180428 0.85397553516819569 7
3310
3311 2 0 0.99637681159420288 0.0036231884057971015 4
3312
3313 -53 14 15 16 0 10 7
3314
3315 2 0 0 1 7
3316
3317 2 0 0.15203619909502261 0.84796380090497736 4
3318
3319 -29 51 5 7 0 10 4
3320
3321 2 -17 -7 -31 -5 10 7
3322
3323 2 0 1 0 4
3324
3325 -23 -34 13 11 0 10 7
3326
3327 2 0 1 0 7
3328
3329 2 0 0 1 4
3330
3331 18 -16 -40 -27 -5 10 4
3332
3333 -48 -41 -2 1 0 10 7
3334
3335 2 0 0.95636363636363642 0.04363636363636364 7
3336
3337 2 0 0.38461538461538464 0.61538461538461542 4
3338
3339 37 22 20 11 0 10 7
3340
3341 2 0 0 1 7
3342
3343 2 0 0.62755102040816324 0.37244897959183676 4
3344
3345 17 -6 5 1 -5 10 4
3346
3347 34 -14 25 -3 0 10 4
3348
3349 0 32 -21 -18 0 10 4
3350
3351 2 4 -53 -11 -5 10 4
3352
3353 -41 -33 -14 15 0 10 7
3354
3355 2 0 1 0 7
3356
3357 2 0 0 1 4
3358
3359 39 4 -16 -22 0 10 4
3360
3361 40 2 -48 -6 -5 10 7
3362
3363 2 0 0 1 4
3364
3365 39 1 41 60 -5 10 7
3366
3367 2 0 0 1 7
3368
3369 2 0 0.074803149606299218 0.92519685039370081 4
3370
3371 -23 23 20 -24 0 10 4
3372
3373 -24 -10 42 58 -5 10 7
3374
3375 2 0 0 1 7
3376
3377 2 0 1 0 7
3378
3379 2 0 0 1 4
3380
3381 -7 3 21 -24 -5 10 4
3382
3383 -14 54 13 -17 0 10 7
3384
3385 2 0 1 0 7
3386
3387 2 0 0 1 4
3388
3389 -26 -38 40 0 0 10 4
3390
3391 -24 -17 42 8 -5 10 7
3392
3393 2 0 1 0 4
3394
3395 -7 5 45 55 -5 10 7
3396
3397 2 0 0.20000000000000001 0.80000000000000004 7
3398
3399 2 0 1 0 7
3400
3401 2 0 0 1 4
3402
3403 -46 -54 -5 -15 0 10 4
3404
3405 1 10 -44 -21 -5 10 7
3406
3407 2 0 1 0 4
3408
3409 -2 -13 15 43 -5 10 7
3410
3411 2 0 1 0 7
3412
3413 2 0 0 1 7
3414
3415 2 0 1 0 4
3416
3417 -15 -6 -18 -34 -5 10 4
3418
3419 -12 -23 -13 38 -5 10 4
3420
3421 5 2 8 11 -5 10 7
3422
3423 2 0 1 0 4
3424
3425 -17 -23 -11 17 -5 10 4
3426
3427 34 50 -37 3 0 10 4
3428
3429 58 -1 -17 -4 0 10 7
3430
3431 2 0 0.98301486199575372 0.016985138004246284 7
3432
3433 2 0 0.99961508852963821 0.00038491147036181676 7
3434
3435 2 0 0 1 4
3436
3437 28 12 -14 -59 0 10 4
3438
3439 57 26 -22 -15 0 10 7
3440
3441 2 0 0.88728323699421963 0.11271676300578035 7
3442
3443 2 0 0.2857142857142857 0.7142857142857143 4
3444
3445 14 35 8 -25 0 10 7
3446
3447 2 0 0.027586206896551724 0.97241379310344822 7
3448
3449 2 0 1 0 4
3450
3451 0 11 -22 -59 -5 10 4
3452
3453 -19 -12 21 20 -5 10 7
3454
3455 2 0 1 0 4
3456
3457 -17 -59 5 9 0 10 4
3458
3459 0 14 -52 -55 -5 10 7
3460
3461 2 0 0.90506329113924056 0.0949367088607595 7
3462
3463 2 0 0.34382022471910112 0.65617977528089888 7
3464
3465 2 0 1 0 4
3466
3467 1 -10 16 7 -5 10 4
3468
3469 -11 4 8 42 -5 10 4
3470
3471 4 7 47 7 -5 10 7
3472
3473 2 0 1 0 7
3474
3475 2 0 0.64240903387703885 0.3575909661229611 4
3476
3477 12 -21 -16 -7 0 10 7
3478
3479 2 0 1 0 7
3480
3481 2 0 0.13956639566395665 0.86043360433604332 4
3482
3483 -23 13 -58 -19 -5 10 4
3484
3485 -3 9 -59 15 -5 10 7
3486
3487 2 0 1 0 7
3488
3489 2 0 0.4107142857142857 0.5892857142857143 4
3490
3491 -11 -42 -22 -14 0 10 7
3492
3493 2 0 0.058881256133464184 0.94111874386653582 7
3494
3495 2 0 0.67142857142857137 0.32857142857142857 4
3496
3497 -17 0 6 -44 -5 10 4
3498
3499 3 -8 34 -8 -5 10 4
3500
3501 3 -13 -48 53 -5 10 4
3502
3503 4 -48 28 59 -5 10 4
3504
3505 0 -35 8 35 -5 10 7
3506
3507 2 0 0 1 7
3508
3509 2 0 1 0 4
3510
3511 -1 4 -47 -14 -5 10 7
3512
3513 2 0 0.99922178988326849 0.00077821011673151756 7
3514
3515 2 0 0.95121951219512191 0.04878048780487805 4
3516
3517 -5 43 -17 12 0 10 4
3518
3519 55 57 1 -12 0 10 7
3520
3521 2 0 0 1 7
3522
3523 2 0 0.6518518518518519 0.34814814814814815 4
3524
3525 -21 11 -28 41 -5 10 7
3526
3527 2 0 1 0 7
3528
3529 2 0 0.97333333333333338 0.026666666666666668 4
3530
3531 43 -22 -2 -25 0 10 4
3532
3533 -22 -26 -36 -53 -5 10 4
3534
3535 -51 57 -3 7 0 10 7
3536
3537 2 0 0 1 7
3538
3539 2 0 0.93220338983050843 0.067796610169491525 4
3540
3541 41 55 1 -45 0 10 7
3542
3543 2 0 1 0 7
3544
3545 2 0 0.93617021276595747 0.063829787234042548 4
3546
3547 -3 -46 -50 12 -5 10 4
3548
3549 7 -34 -23 47 -5 10 7
3550
3551 2 0 0.080645161290322578 0.91935483870967738 7
3552
3553 2 0 0.0017857142857142857 0.99821428571428572 4
3554
3555 -35 12 -23 -23 0 10 7
3556
3557 2 0 0.98360655737704916 0.016393442622950821 7
3558
3559 2 0 0.17435897435897435 0.82564102564102559 4
3560
3561 2 -54 -20 -38 0 10 4
3562
3563 -9 10 12 -29 0 10 4
3564
3565 16 -3 -2 1 0 10 4
3566
3567 -2 -22 53 -23 -5 10 7
3568
3569 2 0 0.95918367346938771 0.040816326530612242 7
3570
3571 2 0 0 1 4
3572
3573 -23 -18 28 -4 -5 10 7
3574
3575 2 0 0.6428571428571429 0.35714285714285715 7
3576
3577 2 0 0.023831347387717691 0.97616865261228236 7
3578
3579 2 0 1 0 4
3580
3581 -10 44 -15 -28 0 10 4
3582
3583 -15 3 -51 -27 -5 10 4
3584
3585 -15 -33 -19 3 -5 10 7
3586
3587 2 0 0.97959183673469385 0.020408163265306121 7
3588
3589 2 0 1 0 7
3590
3591 2 0 0 1 4
3592
3593 -49 30 -8 -58 0 10 4
3594
3595 1 11 34 9 -5 10 7
3596
3597 2 0 0.58695652173913049 0.41304347826086957 7
3598
3599 2 0 0.012875536480686695 0.98712446351931327 4
3600
3601 -23 28 -19 -26 0 10 7
3602
3603 2 0 1 0 7
3604
3605 2 0 0 1 4
3606
3607 -37 -52 4 35 0 10 4
3608
3609 -1 -6 17 -11 -5 10 4
3610
3611 -44 46 -10 -2 0 10 4
3612
3613 -41 -2 -12 4 0 10 4
3614
3615 13 6 -44 26 -5 10 4
3616
3617 12 -10 27 23 -5 10 7
3618
3619 2 0 0 1 7
3620
3621 2 0 1 0 4
3622
3623 -6 5 -17 -4 -5 10 4
3624
3625 13 7 5 22 0 10 4
3626
3627 -49 56 17 11 0 10 7
3628
3629 2 0 1 0 7
3630
3631 2 0 0 1 7
3632
3633 2 0 0 1 4
3634
3635 7 -2 -32 -12 -5 10 7
3636
3637 2 0 1 0 7
3638
3639 2 0 0 1 4
3640
3641 39 36 9 23 0 10 4
3642
3643 -2 48 10 -28 0 10 4
3644
3645 -3 31 57 14 -5 10 7
3646
3647 2 0 0 1 4
3648
3649 0 -10 8 20 -5 10 7
3650
3651 2 0 0 1 7
3652
3653 2 0 1 0 4
3654
3655 -5 29 -20 -40 -5 10 7
3656
3657 2 0 0 1 7
3658
3659 2 0 1 0 4
3660
3661 57 -5 -16 -32 0 10 4
3662
3663 -13 -30 3 -16 0 10 4
3664
3665 50 15 -14 5 0 10 7
3666
3667 2 0 0.5 0.5 7
3668
3669 2 0 1 0 7
3670
3671 2 0 1 0 7
3672
3673 2 0 0 1 4
3674
3675 -1 5 -54 47 -5 10 4
3676
3677 54 24 -16 20 0 10 4
3678
3679 7 0 -30 -16 -5 10 7
3680
3681 2 0 1 0 4
3682
3683 -10 23 14 -22 -5 10 4
3684
3685 -13 29 -7 22 -5 10 7
3686
3687 2 0 0.921875 0.078125 7
3688
3689 2 0 0.1328125 0.8671875 4
3690
3691 -1 -8 59 -15 -5 10 7
3692
3693 2 0 1 0 7
3694
3695 2 0 0.84782608695652173 0.15217391304347827 4
3696
3697 3 4 -58 -40 -5 10 4
3698
3699 25 -36 -6 18 0 10 4
3700
3701 -16 -32 -2 21 0 10 7
3702
3703 2 0 1 0 7
3704
3705 2 0 0 1 7
3706
3707 2 0 1 0 4
3708
3709 -2 42 17 -15 -5 10 4
3710
3711 8 -45 0 30 0 10 7
3712
3713 2 0 1 0 7
3714
3715 2 0 0 1 4
3716
3717 1 0 -41 -48 -5 10 7
3718
3719 2 0 0.99465240641711228 0.0053475935828877002 7
3720
3721 2 0 0.89393939393939392 0.10606060606060606 4
3722
3723 14 -30 -16 -25 0 10 4
3724
3725 27 -19 -2 39 0 10 4
3726
3727 20 46 2 34 0 10 4
3728
3729 36 27 8 14 0 10 7
3730
3731 2 0 0.96015180265654654 0.039848197343453511 7
3732
3733 2 0 0 1 4
3734
3735 -9 41 -16 -11 0 10 7
3736
3737 2 0 1 0 7
3738
3739 2 0 0.16666666666666666 0.83333333333333337 4
3740
3741 48 32 -20 35 0 10 7
3742
3743 2 0 1 0 4
3744
3745 9 5 -24 -12 0 10 7
3746
3747 2 0 0 1 7
3748
3749 2 0 0.10909090909090909 0.89090909090909087 7
3750
3751 2 0 1 0 4
3752
3753 16 44 -13 25 0 10 4
3754
3755 -8 31 -36 -2 0 10 4
3756
3757 40 -19 -26 13 0 10 4
3758
3759 23 54 5 -1 0 10 4
3760
3761 7 -24 -20 19 0 10 4
3762
3763 17 51 2 0 0 10 7
3764
3765 2 0 0.018995929443690638 0.98100407055630934 7
3766
3767 2 0 0.18796992481203006 0.81203007518796988 7
3768
3769 2 0 1 0 4
3770
3771 2 7 10 51 -5 10 4
3772
3773 -30 24 -12 23 0 10 7
3774
3775 2 0 0.82692307692307687 0.17307692307692307 7
3776
3777 2 0 1 0 4
3778
3779 -12 24 31 -10 -5 10 7
3780
3781 2 0 1 0 7
3782
3783 2 0 0 1 4
3784
3785 13 19 19 15 -5 10 4
3786
3787 -27 27 55 -28 -5 10 7
3788
3789 2 0 0 1 4
3790
3791 -12 23 -31 -53 -5 10 7
3792
3793 2 0 0.96153846153846156 0.038461538461538464 7
3794
3795 2 0 0 1 4
3796
3797 20 19 6 8 0 10 4
3798
3799 -3 8 -23 17 -5 10 7
3800
3801 2 0 0.3125 0.6875 7
3802
3803 2 0 0.98091042584434651 0.01908957415565345 4
3804
3805 -33 9 33 7 -5 10 7
3806
3807 2 0 0.27472527472527475 0.72527472527472525 7
3808
3809 2 0 0.9285714285714286 0.071428571428571425 4
3810
3811 -6 14 27 -21 -5 10 4
3812
3813 -53 20 -37 -45 -5 10 4
3814
3815 -45 14 51 -48 -5 10 4
3816
3817 -54 21 31 -37 -5 10 7
3818
3819 2 0 0 1 7
3820
3821 2 0 0.029629629629629631 0.97037037037037033 7
3822
3823 2 0 1 0 4
3824
3825 -5 -2 -20 15 0 10 4
3826
3827 2 -3 48 -45 -5 10 7
3828
3829 2 0 0.99487179487179489 0.0051282051282051282 7
3830
3831 2 0 0.55342465753424652 0.44657534246575342 4
3832
3833 -28 0 -44 12 0 10 7
3834
3835 2 0 0 1 7
3836
3837 2 0 1 0 7
3838
3839 2 0 0 1 4
3840
3841 -1 15 0 -59 -5 10 4
3842
3843 32 31 8 4 0 10 4
3844
3845 16 36 -20 23 0 10 4
3846
3847 -51 12 1 -2 0 10 4
3848
3849 28 -45 -18 23 0 10 7
3850
3851 2 0 0.33567251461988307 0.66432748538011699 7
3852
3853 2 0 1 0 7
3854
3855 2 0 1 0 4
3856
3857 59 27 -19 17 0 10 7
3858
3859 2 0 0 1 7
3860
3861 2 0 1 0 4
3862
3863 2 13 35 0 0 10 7
3864
3865 2 0 1 0 7
3866
3867 2 0 0 1 4
3868
3869 10 48 -24 16 0 10 4
3870
3871 36 -40 -5 -11 0 10 4
3872
3873 -2 9 13 -37 -5 10 4
3874
3875 -26 48 57 -48 -5 10 7
3876
3877 2 0 0 1 7
3878
3879 2 0 0.15853658536585366 0.84146341463414631 7
3880
3881 2 0 0 1 7
3882
3883 2 0 1 0 4
3884
3885 44 -8 -5 -8 0 10 4
3886
3887 3 3 -33 -46 -5 10 7
3888
3889 2 0 0 1 4
3890
3891 17 18 -24 26 0 10 7
3892
3893 2 0 1 0 7
3894
3895 2 0 0 1 7
3896
3897 2 0 1 0 4
3898
3899 40 -31 7 3 0 10 4
3900
3901 -9 20 -17 -23 -5 10 4
3902
3903 8 35 36 15 -5 10 4
3904
3905 45 38 -10 12 0 10 4
3906
3907 15 -16 -50 11 -5 10 7
3908
3909 2 0 1 0 4
3910
3911 31 -43 -15 -17 0 10 4
3912
3913 51 -46 -20 2 0 10 7
3914
3915 2 0 0 1 7
3916
3917 2 0 0.5 0.5 4
3918
3919 2 44 -58 -42 -5 10 7
3920
3921 2 0 0 1 7
3922
3923 2 0 0.625 0.375 4
3924
3925 -2 19 38 -25 -5 10 7
3926
3927 2 0 0 1 4
3928
3929 0 47 36 50 -5 10 7
3930
3931 2 0 0 1 7
3932
3933 2 0 1 0 4
3934
3935 -1 43 15 -38 -5 10 4
3936
3937 -7 22 52 -1 -5 10 4
3938
3939 -2 8 -6 59 -5 10 4
3940
3941 -58 -1 2 -12 0 10 7
3942
3943 2 0 0.071428571428571425 0.9285714285714286 7
3944
3945 2 0 0.73076923076923073 0.26923076923076922 4
3946
3947 21 1 -22 8 0 10 7
3948
3949 2 0 0 1 7
3950
3951 2 0 0.0046728971962616819 0.99532710280373837 4
3952
3953 -6 -10 -21 30 0 10 7
3954
3955 2 0 1 0 7
3956
3957 2 0 0 1 4
3958
3959 -9 47 46 19 -5 10 7
3960
3961 2 0 1 0 4
3962
3963 -26 8 7 0 0 10 4
3964
3965 -12 -36 10 -27 0 10 7
3966
3967 2 0 0.048013245033112585 0.95198675496688745 7
3968
3969 2 0 0.9285714285714286 0.071428571428571425 4
3970
3971 -37 20 5 -17 0 10 7
3972
3973 2 0 0.60869565217391308 0.39130434782608697 7
3974
3975 2 0 1 0 4
3976
3977 -29 45 49 -44 -5 10 7
3978
3979 2 0 0 1 4
3980
3981 4 -1 -38 -30 -5 10 7
3982
3983 2 0 1 0 4
3984
3985 -11 -23 28 -9 -5 10 4
3986
3987 4 35 -25 13 -5 10 7
3988
3989 2 0 0 1 7
3990
3991 2 0 1 0 7
3992
3993 2 0 1 0 4
3994
3995 -13 10 45 45 -5 10 4
3996
3997 -12 60 -2 -40 -5 10 4
3998
3999 13 23 23 1 -5 10 7
4000
4001 2 0 1 0 7
4002
4003 2 0 0 1 4
4004
4005 51 -1 12 -11 0 10 4
4006
4007 50 -37 -18 54 0 10 4
4008
4009 -32 -45 -14 18 0 10 7
4010
4011 2 0 0 1 4
4012
4013 12 -12 3 46 -5 10 7
4014
4015 2 0 0.68085106382978722 0.31914893617021278 7
4016
4017 2 0 0.99512432959531938 0.0048756704046806435 7
4018
4019 2 0 0 1 4
4020
4021 24 33 -7 -9 0 10 7
4022
4023 2 0 1 0 7
4024
4025 2 0 0 1 4
4026
4027 4 40 47 56 -5 10 4
4028
4029 -3 -4 4 42 -5 10 4
4030
4031 -39 -55 -13 -15 0 10 7
4032
4033 2 0 0 1 7
4034
4035 2 0 1 0 4
4036
4037 14 6 44 12 -5 10 7
4038
4039 2 0 1 0 7
4040
4041 2 0 0 1 4
4042
4043 24 -58 8 7 0 10 7
4044
4045 2 0 1 0 4
4046
4047 17 5 -50 -2 -5 10 7
4048
4049 2 0 1 0 7
4050
4051 2 0 0 1 4
4052
4053 36 11 24 -17 0 10 4
4054
4055 -5 0 40 45 -5 10 4
4056
4057 -1 -7 -47 -38 -5 10 4
4058
4059 -3 3 -52 42 -5 10 4
4060
4061 0 8 -13 8 -5 10 4
4062
4063 48 -7 -11 16 0 10 7
4064
4065 2 0 1 0 4
4066
4067 -2 36 -3 -31 -5 10 7
4068
4069 2 0 0 1 7
4070
4071 2 0 1 0 4
4072
4073 14 -21 -46 -57 -5 10 7
4074
4075 2 0 1 0 4
4076
4077 -19 10 -14 -35 -5 10 4
4078
4079 -21 14 -44 -10 -5 10 4
4080
4081 -39 -10 6 16 -5 10 7
4082
4083 2 0 0 1 7
4084
4085 2 0 0.99846860643185298 0.0015313935681470138 4
4086
4087 -35 5 -32 40 -5 10 7
4088
4089 2 0 0.058823529411764705 0.94117647058823528 7
4090
4091 2 0 0.89067524115755625 0.10932475884244373 4
4092
4093 -52 50 18 -1 0 10 7
4094
4095 2 0 0 1 4
4096
4097 18 -17 -35 -51 -5 10 7
4098
4099 2 0 0.98529411764705888 0.014705882352941176 7
4100
4101 2 0 0.26886792452830188 0.73113207547169812 4
4102
4103 18 -19 15 -8 0 10 4
4104
4105 0 -22 37 8 -5 10 7
4106
4107 2 0 1 0 7
4108
4109 2 0 0 1 4
4110
4111 -46 -58 -11 0 0 10 7
4112
4113 2 0 0 1 4
4114
4115 -34 -12 -58 1 -5 10 7
4116
4117 2 0 0 1 4
4118
4119 12 -20 -1 -53 -5 10 7
4120
4121 2 0 0 1 7
4122
4123 2 0 1 0 4
4124
4125 44 -10 3 13 0 10 4
4126
4127 -16 10 8 -6 -5 10 4
4128
4129 2 0 18 18 -5 10 7
4130
4131 2 0 0 1 7
4132
4133 2 0 1 0 4
4134
4135 2 9 55 12 -5 10 4
4136
4137 16 50 21 -13 0 10 4
4138
4139 -25 6 -2 4 -5 10 7
4140
4141 2 0 1 0 7
4142
4143 2 0 0 1 7
4144
4145 2 0 1 0 4
4146
4147 -12 13 -21 -1 0 10 4
4148
4149 54 -15 -3 -7 0 10 7
4150
4151 2 0 0 1 4
4152
4153 2 60 32 -7 0 10 7
4154
4155 2 0 0.24358974358974358 0.75641025641025639 7
4156
4157 2 0 0 1 4
4158
4159 7 -35 1 -9 0 10 4
4160
4161 2 7 13 -22 -5 10 7
4162
4163 2 0 0.76666666666666672 0.23333333333333334 7
4164
4165 2 0 0 1 7
4166
4167 2 0 1 0 7
4168
4169 2 0 1 0 4
4170
4171 1 -27 -2 5 0 10 4
4172
4173 -33 5 -46 46 -5 10 4
4174
4175 -1 4 -33 -2 0 10 4
4176
4177 -32 11 17 -24 -5 10 4
4178
4179 -14 20 9 17 0 10 7
4180
4181 2 0 0 1 7
4182
4183 2 0 1 0 4
4184
4185 10 19 8 14 0 10 7
4186
4187 2 0 1 0 7
4188
4189 2 0 0 1 4
4190
4191 22 -18 -58 -17 -5 10 4
4192
4193 -36 7 35 -17 -5 10 7
4194
4195 2 0 0 1 4
4196
4197 16 40 -42 -2 0 10 7
4198
4199 2 0 1 0 7
4200
4201 2 0 0 1 4
4202
4203 35 15 22 -17 0 10 7
4204
4205 2 0 0 1 4
4206
4207 0 -22 -33 -26 -5 10 7
4208
4209 2 0 1 0 7
4210
4211 2 0 0 1 4
4212
4213 7 -40 18 -23 0 10 4
4214
4215 3 49 15 -3 0 10 4
4216
4217 -32 2 -12 -20 0 10 7
4218
4219 2 0 0 1 4
4220
4221 -34 47 14 -5 0 10 7
4222
4223 2 0 0 1 7
4224
4225 2 0 1 0 4
4226
4227 0 54 23 -46 0 10 4
4228
4229 -1 18 -21 11 -5 10 4
4230
4231 -13 -33 -2 36 0 10 7
4232
4233 2 0 0.75862068965517238 0.2413793103448276 7
4234
4235 2 0 0.022842639593908629 0.97715736040609136 4
4236
4237 -23 -22 8 13 0 10 7
4238
4239 2 0 0.5815842924847664 0.4184157075152336 7
4240
4241 2 0 0.97207446808510634 0.027925531914893616 4
4242
4243 0 -29 -47 5 -5 10 4
4244
4245 -25 -27 4 -48 0 10 7
4246
4247 2 0 0.047619047619047616 0.95238095238095233 7
4248
4249 2 0 0 1 4
4250
4251 -11 30 20 -56 0 10 7
4252
4253 2 0 0.46019417475728153 0.53980582524271847 7
4254
4255 2 0 0.022727272727272728 0.97727272727272729 7
4256
4257 2 0 1 0 4
4258
4259 6 -10 -53 56 -5 10 7
4260
4261 2 0 1 0 4
4262
4263 9 20 -34 -56 -5 10 7
4264
4265 2 0 1 0 7
4266
4267 2 0 0 1 4
4268
4269 3 -16 34 -10 0 10 4
4270
4271 14 12 12 -17 -5 10 7
4272
4273 2 0 0 1 4
4274
4275 15 -9 -21 56 -5 10 4
4276
4277 4 -14 -43 -32 -5 10 4
4278
4279 -58 -26 -6 -38 0 10 4
4280
4281 38 -17 -44 0 -5 10 4
4282
4283 -22 24 4 -3 0 10 4
4284
4285 -16 57 -22 -5 0 10 7
4286
4287 2 0 0 1 7
4288
4289 2 0 1 0 7
4290
4291 2 0 1 0 7
4292
4293 2 0 1 0 7
4294
4295 2 0 0 1 4
4296
4297 -7 4 20 -21 -5 10 4
4298
4299 0 4 -26 17 -5 10 7
4300
4301 2 0 1 0 7
4302
4303 2 0 0 1 7
4304
4305 2 0 1 0 4
4306
4307 -9 -3 21 -53 -5 10 4
4308
4309 -47 -54 8 -23 0 10 4
4310
4311 -21 -2 -36 -34 -5 10 7
4312
4313 2 0 1 0 7
4314
4315 2 0 0 1 4
4316
4317 -4 56 -13 -5 0 10 4
4318
4319 11 -10 58 48 -5 10 7
4320
4321 2 0 1 0 7
4322
4323 2 0 0 1 7
4324
4325 2 0 1 0 4
4326
4327 -6 -19 -56 35 -5 10 7
4328
4329 2 0 0 1 7
4330
4331 2 0 1 0 4
4332
4333 -20 -19 45 12 -5 10 4
4334
4335 -27 -58 1 -11 0 10 4
4336
4337 30 7 -4 -49 -5 10 4
4338
4339 -30 -42 -10 -12 0 10 7
4340
4341 2 0 1 0 7
4342
4343 2 0 0 1 7
4344
4345 2 0 1 0 7
4346
4347 2 0 1 0 4
4348
4349 -4 -5 57 -36 -5 10 4
4350
4351 0 3 -42 24 -5 10 4
4352
4353 9 -49 -9 12 0 10 4
4354
4355 2 -11 55 45 -5 10 7
4356
4357 2 0 1 0 7
4358
4359 2 0 0 1 7
4360
4361 2 0 0 1 4
4362
4363 2 5 -4 48 -5 10 7
4364
4365 2 0 1 0 4
4366
4367 -56 -40 -25 -12 0 10 7
4368
4369 2 0 0 1 4
4370
4371 26 0 20 -22 -5 10 7
4372
4373 2 0 0 1 4
4374
4375 2 -4 -28 -5 -5 10 7
4376
4377 2 0 0 1 7
4378
4379 2 0 1 0 7
4380
4381 2 0 1 0
