22 serialization::archive 10 0 0 -858993460 2 5 100 5 0.02 1 10 0 0 60 60 -10 10 0 0 10 0 4 8 TreeNode 1 0
0 1 0
1 0 0 0 0 -23 14 2 39 0 10 4
2
3 -35 -27 -11 23 0 10 4
4
5 15 25 10 40 -5 10 4
6
7 -54 -31 17 24 0 10 4
8
9 1 24 56 -49 -5 10 7 12 TerminalNode 1 0
10
11 2 0 0.81081081081081086 0.1891891891891892 7
12
13 2 0 0 1 4
14
15 2 33 46 26 -5 10 7
16
17 2 0 0.87234042553191493 0.1276595744680851 7
18
19 2 0 1 0 4
20
21 -18 37 2 -15 0 10 4
22
23 53 -59 39 -11 0 10 7
24
25 2 0 0.52868622687348155 0.4713137731265184 7
26
27 2 0 0.21087533156498675 0.78912466843501328 4
28
29 41 6 -14 4 0 10 7
30
31 2 0 0.62104247104247101 0.37895752895752893 7
32
33 2 0 0.82965009208103135 0.1703499079189687 4
34
35 3 0 -29 -19 -5 10 4
36
37 -4 -52 -11 0 0 10 4
38
39 33 52 17 8 0 10 7
40
41 2 0 0.58008658008658009 0.41991341991341991 7
42
43 2 0 1 0 4
44
45 -46 -12 7 0 0 10 7
46
47 2 0 0.90404797601199405 0.095952023988005994 7
48
49 2 0 1 0 4
50
51 56 -53 -23 -2 0 10 4
52
53 -21 20 -57 42 -5 10 7
54
55 2 0 0.8571428571428571 0.14285714285714285 7
56
57 2 0 0.18796992481203006 0.81203007518796988 4
58
59 43 44 -12 -12 0 10 7
60
61 2 0 1 0 7
62
63 2 0 0.76719576719576721 0.23280423280423279 4
64
65 -9 35 14 -15 -5 10 4
66
67 -39 26 -16 8 0 10 4
68
69 -9 23 -12 -1 0 10 4
70
71 -18 44 9 -14 0 10 7
72
73 2 0 0.02554278416347382 0.97445721583652622 7
74
75 2 0 0.18796992481203006 0.81203007518796988 4
76
77 11 24 38 17 -5 10 7
78
79 2 0 0.090909090909090912 0.90909090909090906 7
80
81 2 0 0.76470588235294112 0.23529411764705882 4
82
83 6 -35 -1 -16 0 10 4
84
85 6 -5 -39 -37 -5 10 7
86
87 2 0 0.63440860215053763 0.36559139784946237 7
88
89 2 0 0.11063829787234042 0.88936170212765953 4
90
91 -4 -37 -14 13 0 10 7
92
93 2 0 0.85999999999999999 0.14000000000000001 7
94
95 2 0 1 0 4
96
97 -50 17 -6 3 0 10 4
98
99 13 -43 -3 38 0 10 4
100
101 24 24 43 -17 -5 10 7
102
103 2 0 0.43689320388349512 0.56310679611650483 7
104
105 2 0 0.91056910569105687 0.08943089430894309 4
106
107 47 -32 22 10 0 10 7
108
109 2 0 0.040625000000000001 0.95937499999999998 7
110
111 2 0 0.3949579831932773 0.60504201680672265 4
112
113 -8 16 18 -12 0 10 4
114
115 20 33 -8 32 -5 10 7
116
117 2 0 0.17543859649122806 0.82456140350877194 7
118
119 2 0 0.8587257617728532 0.14127423822714683 4
120
121 -4 42 59 37 -5 10 7
122
123 2 0 0.93975903614457834 0.060240963855421686 7
124
125 2 0 1 0 4
126
127 34 -33 -1 34 0 10 4
128
129 -37 0 51 15 -5 10 4
130
131 1 -5 -31 2 0 10 4
132
133 2 -39 -15 17 0 10 4
134
135 41 -52 -46 12 0 10 7
136
137 2 0 0.55767484105358767 0.44232515894641233 7
138
139 2 0 0.2509457755359395 0.74905422446406056 4
140
141 -6 15 -56 -32 -5 10 7
142
143 2 0 0.91540130151843813 0.084598698481561818 7
144
145 2 0 0.20338983050847459 0.79661016949152541 4
146
147 -60 -20 -35 14 0 10 4
148
149 5 18 13 14 0 10 7
150
151 2 0 0.52000000000000002 0.47999999999999998 7
152
153 2 0 0.050000000000000003 0.94999999999999996 4
154
155 -27 -2 7 14 0 10 7
156
157 2 0 0.066473988439306353 0.93352601156069359 7
158
159 2 0 0.34482758620689657 0.65517241379310343 4
160
161 37 46 38 5 0 10 4
162
163 -1 -34 47 -22 -5 10 4
164
165 3 -45 -30 22 -5 10 7
166
167 2 0 0.50286259541984735 0.49713740458015265 7
168
169 2 0 0.78853754940711462 0.21146245059288538 4
170
171 36 -1 -52 -6 -5 10 7
172
173 2 0 0.72251308900523559 0.27748691099476441 7
174
175 2 0 0.93550913838120109 0.064490861618798953 4
176
177 14 40 36 -2 0 10 4
178
179 26 24 49 -47 -5 10 7
180
181 2 0 0.79710144927536231 0.20289855072463769 7
182
183 2 0 0.97159090909090906 0.028409090909090908 4
184
185 60 -33 8 2 0 10 7
186
187 2 0 0.096638655462184878 0.90336134453781514 7
188
189 2 0 0.53585729887149613 0.46414270112850381 4
190
191 -1 42 35 -17 -5 10 4
192
193 -60 56 -6 1 0 10 4
194
195 1 24 12 -8 0 10 4
196
197 8 54 14 -11 -5 10 7
198
199 2 0 0.02197802197802198 0.97802197802197799 7
200
201 2 0 0 1 4
202
203 2 52 15 12 0 10 7
204
205 2 0 0.023255813953488372 0.97674418604651159 7
206
207 2 0 0.4642857142857143 0.5357142857142857 4
208
209 -55 17 -12 36 0 10 4
210
211 -10 -52 -9 2 0 10 7
212
213 2 0 0.375 0.625 7
214
215 2 0 0.80289855072463767 0.19710144927536233 4
216
217 -13 6 -18 21 -5 10 7
218
219 2 0 0.42919389978213507 0.57080610021786493 7
220
221 2 0 0.1467455621301775 0.85325443786982247 4
222
223 12 -24 0 16 0 10 4
224
225 -31 10 -25 -12 0 10 4
226
227 -27 -59 -4 -1 0 10 7
228
229 2 0 0.59322033898305082 0.40677966101694918 7
230
231 2 0 0.9073359073359073 0.092664092664092659 4
232
233 0 3 46 34 -5 10 7
234
235 2 0 1 0 7
236
237 2 0 0.90909090909090906 0.090909090909090912 4
238
239 1 -33 0 -3 0 10 4
240
241 -48 -35 -17 9 0 10 7
242
243 2 0 0.64473684210526316 0.35526315789473684 7
244
245 2 0 1 0 4
246
247 -59 26 7 15 0 10 7
248
249 2 0 0.75641025641025639 0.24358974358974358 7
250
251 2 0 0.25468164794007492 0.74531835205992514 4
252
253 6 38 27 -36 -5 10 4
254
255 -1 29 14 -15 -5 10 4
256
257 11 2 43 39 -5 10 4
258
259 -57 34 -12 15 0 10 4
260
261 14 44 17 17 -5 10 7
262
263 2 0 0.07720588235294118 0.92279411764705888 7
264
265 2 0 0.37119113573407203 0.62880886426592797 4
266
267 -10 -52 10 -1 0 10 7
268
269 2 0 0.57894736842105265 0.42105263157894735 7
270
271 2 0 0.96739130434782605 0.032608695652173912 4
272
273 -15 1 -15 23 -5 10 4
274
275 -50 25 3 -7 0 10 7
276
277 2 0 0.125 0.875 7
278
279 2 0 1 0 4
280
281 2 -28 -26 -8 0 10 7
282
283 2 0 0.027298850574712645 0.9727011494252874 7
284
285 2 0 0.40909090909090912 0.59090909090909094 4
286
287 59 -25 -3 34 0 10 4
288
289 25 37 -55 26 -5 10 4
290
291 18 -53 5 24 0 10 7
292
293 2 0 0.88524590163934425 0.11475409836065574 7
294
295 2 0 0.46153846153846156 0.53846153846153844 4
296
297 35 -28 24 7 0 10 7
298
299 2 0 0.95789473684210524 0.042105263157894736 7
300
301 2 0 1 0 4
302
303 2 5 48 20 -5 10 4
304
305 23 49 -21 55 -5 10 7
306
307 2 0 0 1 7
308
309 2 0 0.67343485617597287 0.32656514382402707 4
310
311 -11 -1 -6 8 -5 10 7
312
313 2 0 0.75 0.25 7
314
315 2 0 0.024590163934426229 0.97540983606557374 4
316
317 -38 2 -9 -49 -5 10 4
318
319 -2 6 26 -58 -5 10 4
320
321 6 -49 -37 12 0 10 4
322
323 -8 5 -3 57 -5 10 7
324
325 2 0 0.83726415094339623 0.16273584905660377 7
326
327 2 0 0.37444933920704848 0.62555066079295152 4
328
329 -2 14 33 -53 -5 10 7
330
331 2 0 0.52220348510399106 0.47779651489600899 7
332
333 2 0 0.106 0.89400000000000002 4
334
335 -47 6 -8 -25 0 10 4
336
337 -31 -2 -4 18 -5 10 7
338
339 2 0 0.071278825995807121 0.92872117400419285 7
340
341 2 0 0.46666666666666667 0.53333333333333333 4
342
343 -50 1 -23 1 -5 10 7
344
345 2 0 0.034482758620689655 0.96551724137931039 7
346
347 2 0 0.80487804878048785 0.1951219512195122 4
348
349 35 -1 -46 23 -5 10 4
350
351 57 21 7 -2 0 10 4
352
353 45 -2 45 -39 -5 10 7
354
355 2 0 0.01834862385321101 0.98165137614678899 7
356
357 2 0 0.39157566302652108 0.60842433697347897 4
358
359 55 45 46 -4 0 10 7
360
361 2 0 0.75716440422322773 0.24283559577677225 7
362
363 2 0 0.50406504065040647 0.49593495934959347 4
364
365 7 -40 19 -1 -5 10 4
366
367 -16 -56 -48 -50 -5 10 7
368
369 2 0 0.038461538461538464 0.96153846153846156 7
370
371 2 0 0.52782193958664547 0.47217806041335453 4
372
373 4 -14 -2 -45 0 10 7
374
375 2 0 0.85697240865026103 0.143027591349739 7
376
377 2 0 0.39882697947214074 0.60117302052785926 4
378
379 3 37 52 5 -5 10 4
380
381 -7 38 26 -11 -5 10 4
382
383 16 19 14 -18 0 10 4
384
385 -17 30 -16 -1 0 10 4
386
387 -4 51 -5 7 0 10 7
388
389 2 0 0.12426422498364945 0.87573577501635058 7
390
391 2 0 0.3891820580474934 0.6108179419525066 4
392
393 24 6 13 28 0 10 7
394
395 2 0 0.9371980676328503 0.06280193236714976 7
396
397 2 0 0.43478260869565216 0.56521739130434778 7
398
399 2 0 1 0 4
400
401 33 -38 25 16 0 10 4
402
403 17 -33 -2 1 0 10 4
404
405 23 -18 23 46 -5 10 7
406
407 2 0 1 0 7
408
409 2 0 0.16042780748663102 0.83957219251336901 4
410
411 -1 4 50 -22 -5 10 7
412
413 2 0 0.80882352941176472 0.19117647058823528 7
414
415 2 0 0.37209302325581395 0.62790697674418605 7
416
417 2 0 1 0 4
418
419 -40 0 45 41 -5 10 4
420
421 -6 -2 56 -34 -5 10 4
422
423 -31 0 -15 -56 -5 10 4
424
425 59 -21 1 10 0 10 7
426
427 2 0 0.27546777546777546 0.72453222453222454 7
428
429 2 0 0.55404640633842672 0.44595359366157328 4
430
431 2 0 52 -28 -5 10 7
432
433 2 0 0.92040816326530617 0.079591836734693874 7
434
435 2 0 0.58536585365853655 0.41463414634146339 4
436
437 -42 -14 0 -10 0 10 4
438
439 -30 0 -28 17 0 10 7
440
441 2 0 0.019002375296912115 0.98099762470308793 7
442
443 2 0 0.6428571428571429 0.35714285714285715 4
444
445 18 11 -18 -30 -5 10 7
446
447 2 0 1 0 7
448
449 2 0 0.055555555555555552 0.94444444444444442 4
450
451 31 0 -41 23 -5 10 4
452
453 20 -47 38 2 0 10 4
454
455 -58 22 0 16 0 10 7
456
457 2 0 0.77068345323741005 0.22931654676258992 7
458
459 2 0 0.99236641221374045 0.0076335877862595417 4
460
461 -60 55 0 9 0 10 7
462
463 2 0 0.22832980972515857 0.77167019027484141 7
464
465 2 0 0.56511156186612577 0.43488843813387423 4
466
467 1 -43 -46 -43 -5 10 4
468
469 -28 60 -3 -36 0 10 7
470
471 2 0 0.93301435406698563 0.066985645933014357 7
472
473 2 0 0.5439805431698419 0.4560194568301581 4
474
475 18 23 1 -57 -5 10 7
476
477 2 0 0.99186991869918695 0.008130081300813009 7
478
479 2 0 0.85073915116833576 0.14926084883166429 4
480
481 13 -13 2 38 0 10 4
482
483 -39 1 28 -48 -5 10 4
484
485 13 45 -11 -3 0 10 4
486
487 16 31 -44 0 0 10 4
488
489 -30 55 -3 1 0 10 7
490
491 2 0 0 1 7
492
493 2 0 0.572972972972973 0.42702702702702705 4
494
495 -29 26 -6 6 0 10 7
496
497 2 0 0 1 7
498
499 2 0 0.1736111111111111 0.82638888888888884 4
500
501 -36 -6 57 -28 -5 10 4
502
503 -12 1 -59 8 -5 10 7
504
505 2 0 0.57511860832894046 0.42488139167105959 7
506
507 2 0 0.20036429872495445 0.79963570127504557 4
508
509 -2 -5 -14 -9 0 10 7
510
511 2 0 0.91885441527446299 0.081145584725536998 7
512
513 2 0 0.3611111111111111 0.63888888888888884 4
514
515 34 2 -58 -9 -5 10 4
516
517 24 0 4 13 -5 10 4
518
519 21 53 42 7 0 10 7
520
521 2 0 0.51792114695340496 0.48207885304659498 7
522
523 2 0 0.13747954173486088 0.86252045826513912 4
524
525 -11 -4 53 30 -5 10 7
526
527 2 0 0.84524886877828054 0.15475113122171946 7
528
529 2 0 0.51545117428924603 0.48454882571075403 4
530
531 -24 -13 -7 -38 0 10 4
532
533 -57 36 2 36 0 10 7
534
535 2 0 0.88739402875046069 0.11260597124953925 7
536
537 2 0 0.55944625407166126 0.44055374592833874 4
538
539 32 55 15 -52 0 10 7
540
541 2 0 0.63076220903696945 0.36923779096303055 7
542
543 2 0 0.13573407202216067 0.8642659279778393 4
544
545 6 29 -3 -7 0 10 4
546
547 -38 51 12 10 0 10 4
548
549 -39 19 -10 -17 0 10 4
550
551 28 41 12 24 0 10 7
552
553 2 0 0.097847358121330719 0.90215264187866928 7
554
555 2 0 0.006993006993006993 0.99300699300699302 4
556
557 49 28 -19 25 0 10 7
558
559 2 0 0.90196078431372551 0.098039215686274508 7
560
561 2 0 0.14855072463768115 0.85144927536231885 4
562
563 -7 57 17 16 0 10 4
564
565 -20 -8 12 40 0 10 7
566
567 2 0 0.8529411764705882 0.14705882352941177 7
568
569 2 0 0.16920473773265651 0.83079526226734346 4
570
571 24 52 -5 0 -5 10 7
572
573 2 0 0.32432432432432434 0.67567567567567566 7
574
575 2 0 0.89175257731958768 0.10824742268041238 4
576
577 -1 11 53 52 -5 10 4
578
579 -19 -56 -16 49 0 10 7
580
581 2 0 1 0 4
582
583 38 6 1 -7 0 10 7
584
585 2 0 0.39655172413793105 0.60344827586206895 7
586
587 2 0 0.93150684931506844 0.068493150684931503 4
588
589 -23 -18 -18 3 0 10 7
590
591 2 0 1 0 4
592
593 11 -58 2 29 0 10 7
594
595 2 0 0.5 0.5 7
596
597 2 0 0.051724137931034482 0.94827586206896552 4
598
599 22 -16 8 34 0 10 4
600
601 -56 -58 -43 5 0 10 4
602
603 -50 -3 14 25 0 10 4
604
605 -7 -21 5 -40 -5 10 4
606
607 -16 -21 5 -30 -5 10 7
608
609 2 0 0.9300209937018894 0.06997900629811056 7
610
611 2 0 0.71998006975585449 0.28001993024414551 4
612
613 -13 -11 -8 -45 0 10 7
614
615 2 0 0.61998205875756895 0.38001794124243105 7
616
617 2 0 0.22889305816135083 0.77110694183864914 4
618
619 -7 5 50 43 -5 10 4
620
621 -6 1 3 54 -5 10 7
622
623 2 0 1 0 7
624
625 2 0 0.94535519125683065 0.054644808743169397 4
626
627 -4 2 -26 -21 -5 10 7
628
629 2 0 1 0 7
630
631 2 0 0.87529976019184652 0.12470023980815348 4
632
633 -47 -52 -8 4 0 10 4
634
635 -12 -25 32 -31 -5 10 7
636
637 2 0 1 0 4
638
639 29 3 35 -26 -5 10 7
640
641 2 0 1 0 7
642
643 2 0 0.019417475728155338 0.98058252427184467 4
644
645 -35 -7 4 -11 -5 10 4
646
647 -23 -2 8 1 0 10 7
648
649 2 0 0.17852161785216178 0.82147838214783819 7
650
651 2 0 0.56547619047619047 0.43452380952380953 4
652
653 -32 -18 37 21 -5 10 7
654
655 2 0 0.27051671732522797 0.72948328267477203 7
656
657 2 0 0.72594008922880815 0.27405991077119185 4
658
659 7 4 27 -30 -5 10 4
660
661 -12 -16 -32 -6 -5 10 4
662
663 13 14 -55 -44 -5 10 4
664
665 16 -23 10 3 0 10 7
666
667 2 0 0.11764705882352941 0.88235294117647056 7
668
669 2 0 1 0 4
670
671 38 47 8 43 0 10 7
672
673 2 0 1 0 7
674
675 2 0 0.82222222222222219 0.17777777777777778 4
676
677 -1 39 33 44 -5 10 4
678
679 8 10 45 11 -5 10 7
680
681 2 0 0.35010630758327427 0.64989369241672568 7
682
683 2 0 0.0718232044198895 0.92817679558011046 4
684
685 -28 -55 11 -8 0 10 7
686
687 2 0 1 0 7
688
689 2 0 0.65753424657534243 0.34246575342465752 4
690
691 7 -29 -46 -43 -5 10 4
692
693 17 31 -42 -26 -5 10 7
694
695 2 0 0 1 4
696
697 12 -3 -23 -31 -5 10 7
698
699 2 0 1 0 7
700
701 2 0 0 1 4
702
703 -28 42 13 -22 0 10 4
704
705 -18 -19 36 7 -5 10 7
706
707 2 0 0.5 0.5 7
708
709 2 0 0.014373716632443531 0.98562628336755642 4
710
711 -20 -11 -4 8 0 10 7
712
713 2 0 1 0 7
714
715 2 0 0.20000000000000001 0.80000000000000004 4
716
717 -28 -55 -4 39 0 10 4
718
719 -38 4 5 56 -5 10 4
720
721 -37 -3 32 -3 -5 10 4
722
723 58 47 -9 2 0 10 4
724
725 24 8 -35 19 -5 10 7
726
727 2 0 0.75 0.25 7
728
729 2 0 0.049523809523809526 0.95047619047619047 4
730
731 2 54 5 -18 0 10 7
732
733 2 0 0.42463898916967507 0.57536101083032487 7
734
735 2 0 0.78019323671497587 0.21980676328502416 4
736
737 -32 25 32 -44 -5 10 4
738
739 -45 4 52 -47 -5 10 7
740
741 2 0 0.08771929824561403 0.91228070175438591 7
742
743 2 0 0.76774193548387093 0.23225806451612904 4
744
745 -22 38 -36 -1 0 10 7
746
747 2 0 0.98054474708171202 0.019455252918287938 7
748
749 2 0 0.85443037974683544 0.14556962025316456 4
750
751 35 2 30 -34 -5 10 4
752
753 1 11 30 48 -5 10 4
754
755 -32 4 35 13 0 10 7
756
757 2 0 0.9251170046801872 0.074882995319812795 7
758
759 2 0 0.54698318496538079 0.45301681503461921 4
760
761 42 2 42 -36 -5 10 7
762
763 2 0 0.24462640736949848 0.75537359263050152 7
764
765 2 0 0.57926829268292679 0.42073170731707316 4
766
767 0 -44 57 11 -5 10 4
768
769 -22 55 -1 -32 0 10 7
770
771 2 0 0.92581143740340033 0.074188562596599686 7
772
773 2 0 0.49654537079686778 0.50345462920313222 4
774
775 8 -17 -5 10 0 10 7
776
777 2 0 0.80910852713178294 0.19089147286821706 7
778
779 2 0 0.95688127584170113 0.043118724158298878 4
780
781 6 39 -26 -57 -5 10 4
782
783 8 4 -23 45 -5 10 4
784
785 -31 22 -14 17 0 10 4
786
787 -46 19 -8 -13 0 10 7
788
789 2 0 0.22371541501976286 0.77628458498023711 7
790
791 2 0 0.66871165644171782 0.33128834355828218 4
792
793 -9 3 55 41 -5 10 7
794
795 2 0 0.89071038251366119 0.10928961748633879 7
796
797 2 0 0.10526315789473684 0.89473684210526316 4
798
799 -29 -22 8 31 0 10 4
800
801 4 32 53 5 -5 10 7
802
803 2 0 0.032258064516129031 0.967741935483871 7
804
805 2 0 0.47524752475247523 0.52475247524752477 4
806
807 -14 32 -38 45 -5 10 7
808
809 2 0 0 1 7
810
811 2 0 0.029411764705882353 0.97058823529411764 4
812
813 1 4 -53 36 -5 10 4
814
815 -34 -33 -17 -20 0 10 4
816
817 -18 15 -25 36 -5 10 7
818
819 2 0 0.97619047619047616 0.023809523809523808 7
820
821 2 0 0.66532258064516125 0.33467741935483869 7
822
823 2 0 1 0 4
824
825 -20 -19 -50 -15 -5 10 4
826
827 32 -37 -27 21 0 10 7
828
829 2 0 0.90909090909090906 0.090909090909090912 7
830
831 2 0 0 1 4
832
833 50 32 -1 6 0 10 7
834
835 2 0 0.021276595744680851 0.97872340425531912 7
836
837 2 0 0.6333333333333333 0.36666666666666664 4
838
839 9 39 23 -6 -5 10 4
840
841 -48 12 -5 35 0 10 4
842
843 48 9 26 33 0 10 4
844
845 43 25 24 17 0 10 4
846
847 43 36 -6 2 0 10 7
848
849 2 0 0.50909090909090904 0.49090909090909091 7
850
851 2 0 0.97101449275362317 0.028985507246376812 7
852
853 2 0 1 0 7
854
855 2 0 0 1 4
856
857 -9 -2 55 -54 -5 10 4
858
859 12 5 -56 60 -5 10 4
860
861 -7 -12 21 30 -5 10 7
862
863 2 0 0.88324873096446699 0.116751269035533 7
864
865 2 0 0.37017994858611825 0.62982005141388175 4
866
867 27 -18 6 28 0 10 7
868
869 2 0 0.40206185567010311 0.59793814432989689 7
870
871 2 0 0.025056947608200455 0.97494305239179957 4
872
873 -3 27 -54 -8 -5 10 4
874
875 12 -16 12 12 -5 10 7
876
877 2 0 0.29999999999999999 0.69999999999999996 7
878
879 2 0 0.022177419354838711 0.97782258064516125 4
880
881 -57 -10 15 55 0 10 7
882
883 2 0 0.5 0.5 7
884
885 2 0 0.0068027210884353739 0.99319727891156462 4
886
887 -41 2 -49 49 -5 10 4
888
889 -13 5 22 -59 -5 10 4
890
891 -30 2 -58 26 -5 10 4
892
893 -42 20 44 4 -5 10 7
894
895 2 0 0.28119180633147112 0.71880819366852888 7
896
897 2 0 0.56353591160220995 0.43646408839779005 4
898
899 -56 1 -16 -39 -5 10 7
900
901 2 0 0.5859375 0.4140625 7
902
903 2 0 0.95543175487465182 0.04456824512534819 4
904
905 -9 0 48 56 -5 10 4
906
907 -51 1 52 26 -5 10 7
908
909 2 0 0.032085561497326207 0.96791443850267378 7
910
911 2 0 0.52403846153846156 0.47596153846153844 4
912
913 12 4 15 -30 -5 10 7
914
915 2 0 0.11842105263157894 0.88157894736842102 7
916
917 2 0 0 1 4
918
919 10 -14 32 -6 0 10 4
920
921 17 -24 0 -44 -5 10 4
922
923 43 -17 -4 -37 0 10 7
924
925 2 0 0.95512341062079287 0.044876589379207181 7
926
927 2 0 0.50609756097560976 0.49390243902439024 4
928
929 21 -7 -2 5 -5 10 7
930
931 2 0 0.46130221130221133 0.53869778869778873 7
932
933 2 0 0.72858549392845418 0.27141450607154577 4
934
935 46 -12 38 53 -5 10 4
936
937 -42 12 46 -1 0 10 7
938
939 2 0 0.59259259259259256 0.40740740740740738 7
940
941 2 0 0.037974683544303799 0.96202531645569622 4
942
943 -11 -56 -3 -8 0 10 7
944
945 2 0 0.2300469483568075 0.7699530516431925 7
946
947 2 0 0.63460046547711402 0.36539953452288598 4
948
949 -54 51 7 36 0 10 4
950
951 11 25 20 -37 -5 10 4
952
953 10 2 -28 -60 -5 10 4
954
955 -43 -58 0 24 0 10 4
956
957 25 -16 21 20 0 10 7
958
959 2 0 0.10714285714285714 0.8928571428571429 7
960
961 2 0 1 0 4
962
963 -41 50 -5 -1 0 10 7
964
965 2 0 0.91150442477876104 0.088495575221238937 7
966
967 2 0 1 0 4
968
969 -11 2 -47 -12 -5 10 4
970
971 -3 8 -13 13 0 10 7
972
973 2 0 1 0 7
974
975 2 0 0.84615384615384615 0.15384615384615385 4
976
977 7 -2 42 -22 -5 10 7
978
979 2 0 0.82222222222222219 0.17777777777777778 7
980
981 2 0 0.25225225225225223 0.74774774774774777 4
982
983 29 -53 -35 7 0 10 4
984
985 -22 -15 -60 37 -5 10 4
986
987 -14 -2 -26 34 -5 10 7
988
989 2 0 0.9020010261672653 0.097998973832734732 7
990
991 2 0 0.64935064935064934 0.35064935064935066 4
992
993 4 10 44 32 -5 10 7
994
995 2 0 0.68760151597184627 0.31239848402815379 7
996
997 2 0 0.50308483290488437 0.49691516709511568 4
998
999 -5 -48 -38 -6 0 10 4
1000
1001 48 28 -30 25 0 10 7
1002
1003 2 0 0.81045751633986929 0.18954248366013071 7
1004
1005 2 0 0.25 0.75 4
1006
1007 -18 54 -5 -10 0 10 7
1008
1009 2 0 0.14120667522464697 0.85879332477535297 7
1010
1011 2 0 0.47378640776699027 0.52621359223300967 4
1012
1013 30 22 -5 38 0 10 4
1014
1015 33 -10 20 -20 0 10 4
1016
1017 7 -7 56 -53 -5 10 4
1018
1019 -15 39 -1 2 0 10 7
1020
1021 2 0 0.27067669172932329 0.72932330827067671 7
1022
1023 2 0 0.76764705882352946 0.2323529411764706 7
1024
1025 2 0 1 0 7
1026
1027 2 0 1 0 4
1028
1029 -59 38 11 -3 0 10 4
1030
1031 48 -26 -12 2 0 10 4
1032
1033 4 57 -47 25 -5 10 7
1034
1035 2 0 0.056074766355140186 0.94392523364485981 7
1036
1037 2 0 0.0059171597633136093 0.99408284023668636 4
1038
1039 -19 8 -39 -28 -5 10 7
1040
1041 2 0 0.28409090909090912 0.71590909090909094 7
1042
1043 2 0 0.043103448275862072 0.9568965517241379 4
1044
1045 44 -29 -12 9 0 10 4
1046
1047 -9 46 -56 -33 -5 10 7
1048
1049 2 0 0.060897435897435896 0.9391025641025641 7
1050
1051 2 0 0.32162162162162161 0.67837837837837833 4
1052
1053 15 -6 -20 18 -5 10 7
1054
1055 2 0 1 0 7
1056
1057 2 0 0.69523809523809521 0.30476190476190479 4
1058
1059 -19 -20 -10 38 0 10 4
1060
1061 23 -33 -16 23 0 10 4
1062
1063 -36 -34 -35 8 0 10 4
1064
1065 -60 43 15 -21 0 10 4
1066
1067 -12 4 33 4 -5 10 7
1068
1069 2 0 0.77269820971867009 0.22730179028132994 7
1070
1071 2 0 0.52166615807140682 0.47833384192859324 4
1072
1073 16 -11 -21 -29 -5 10 7
1074
1075 2 0 0.85770907649623462 0.14229092350376535 7
1076
1077 2 0 0.56358381502890176 0.43641618497109824 4
1078
1079 19 20 4 45 -5 10 4
1080
1081 -2 1 -14 -33 -5 10 7
1082
1083 2 0 0.9853479853479854 0.014652014652014652 7
1084
1085 2 0 0.61538461538461542 0.38461538461538464 4
1086
1087 -53 11 -4 -2 0 10 7
1088
1089 2 0 0.20500481231953802 0.79499518768046196 7
1090
1091 2 0 0.50611111111111107 0.49388888888888888 4
1092
1093 42 56 -14 2 0 10 4
1094
1095 6 -6 54 44 -5 10 4
1096
1097 -42 10 9 -1 0 10 7
1098
1099 2 0 0.38842975206611569 0.61157024793388426 7
1100
1101 2 0 1 0 4
1102
1103 29 -43 10 8 0 10 7
1104
1105 2 0 0.14285714285714285 0.8571428571428571 7
1106
1107 2 0 0.9826086956521739 0.017391304347826087 4
1108
1109 -7 23 -46 -45 -5 10 4
1110
1111 28 -14 6 2 0 10 7
1112
1113 2 0 0.97242647058823528 0.027573529411764705 7
1114
1115 2 0 1 0 4
1116
1117 -7 -9 -26 4 0 10 7
1118
1119 2 0 0.9821428571428571 0.017857142857142856 7
1120
1121 2 0 0.47499999999999998 0.52500000000000002 4
1122
1123 16 10 -22 12 0 10 4
1124
1125 -8 -17 -17 17 -5 10 4
1126
1127 -46 -51 10 3 0 10 4
1128
1129 7 41 9 -17 -5 10 7
1130
1131 2 0 0 1 7
1132
1133 2 0 0.50406504065040647 0.49593495934959347 4
1134
1135 6 10 7 38 0 10 7
1136
1137 2 0 1 0 7
1138
1139 2 0 0.65384615384615385 0.34615384615384615 4
1140
1141 22 11 -13 28 0 10 4
1142
1143 19 -35 -15 -3 0 10 7
1144
1145 2 0 0.23127035830618892 0.76872964169381108 7
1146
1147 2 0 1 0 4
1148
1149 13 29 -13 -9 0 10 7
1150
1151 2 0 0.024013722126929673 0.97598627787307035 7
1152
1153 2 0 0.11325301204819277 0.88674698795180718 4
1154
1155 -37 44 2 -3 0 10 4
1156
1157 -57 -53 -21 20 0 10 4
1158
1159 16 11 -5 49 0 10 7
1160
1161 2 0 0.95652173913043481 0.043478260869565216 7
1162
1163 2 0 0.064935064935064929 0.93506493506493504 4
1164
1165 -8 15 -53 51 -5 10 7
1166
1167 2 0 1 0 7
1168
1169 2 0 0 1 4
1170
1171 13 44 -12 -8 -5 10 7
1172
1173 2 0 0 1 4
1174
1175 4 35 -45 28 -5 10 7
1176
1177 2 0 0.97101449275362317 0.028985507246376812 7
1178
1179 2 0 1 0
