22 serialization::archive 10 0 0 -858993460 2 5 20 5 0.02 1 10 0 0 60 60 -10 10 0 0 1 0 4 8 TreeNode 1 0
0 1 0
1 0 0 0 0 -15 19 16 -15 -5 10 4
2
3 6 31 -49 -33 -5 10 4
4
5 -10 41 54 -1 -5 10 4
6
7 -16 -20 -47 -43 -5 10 4
8
9 -59 -22 -21 23 0 10 7 12 TerminalNode 1 0
10
11 2 0 0.98473282442748089 0.015267175572519083 7
12
13 2 0 0.60869565217391308 0.39130434782608697 4
14
15 12 9 -48 3 -5 10 7
16
17 2 0 0.76000000000000001 0.23999999999999999 7
18
19 2 0 0.084986896293523032 0.91501310370647693 4
20
21 -42 48 17 18 0 10 4
22
23 27 -11 -5 -9 0 10 7
24
25 2 0 1 0 7
26
27 2 0 0.45503597122302158 0.54496402877697847 4
28
29 5 -40 12 8 0 10 7
30
31 2 0 0.35333333333333333 0.64666666666666661 7
32
33 2 0 0.93229901269393511 0.067700987306064886 4
34
35 -12 26 -20 -53 -5 10 4
36
37 -22 37 -39 44 -5 10 4
38
39 -27 -15 22 32 -5 10 7
40
41 2 0 1 0 7
42
43 2 0 0.58593026843566798 0.41406973156433202 4
44
45 -31 31 -23 17 0 10 7
46
47 2 0 0.90287099179716634 0.097129008202833711 7
48
49 2 0 0.980705718755432 0.01929428124456805 4
50
51 -30 19 -9 0 0 10 4
52
53 23 -39 -38 -3 0 10 7
54
55 2 0 0.54631721644826026 0.45368278355173974 7
56
57 2 0 0.25732666190135811 0.74267333809864189 4
58
59 -20 20 25 32 -5 10 7
60
61 2 0 0.97741596638655459 0.022584033613445378 7
62
63 2 0 0.73236747529200363 0.26763252470799642 4
64
65 14 -2 0 -37 -5 10 4
66
67 3 -25 28 16 -5 10 4
68
69 -21 -51 -12 -18 0 10 4
70
71 -35 14 17 0 0 10 7
72
73 2 0 0.4736328125 0.5263671875 7
74
75 2 0 0.97226053639846743 0.027739463601532566 7
76
77 2 0 1 0 4
78
79 -1 5 44 18 -5 10 4
80
81 30 -15 -37 -38 -5 10 7
82
83 2 0 0.46977670317166831 0.53022329682833169 7
84
85 2 0 0.70240960802695929 0.29759039197304077 4
86
87 2 7 -2 -20 -5 10 7
88
89 2 0 0.64031443009545197 0.35968556990454803 7
90
91 2 0 0.32876988121602579 0.67123011878397421 4
92
93 21 5 -8 -18 0 10 4
94
95 -27 28 -8 -47 0 10 4
96
97 -14 53 -24 -24 -5 10 7
98
99 2 0 0.08598066298342541 0.91401933701657456 7
100
101 2 0 0.43011842371948922 0.56988157628051073 4
102
103 7 -49 -48 34 -5 10 7
104
105 2 0 0.098868534482758619 0.90113146551724133 7
106
107 2 0 0.36241217798594849 0.63758782201405151 4
108
109 12 -39 14 -9 -5 10 4
110
111 8 -2 2 19 -5 10 7
112
113 2 0 0.27989601386481805 0.72010398613518201 7
114
115 2 0 0.0038147138964577656 0.99618528610354229 4
116
117 38 -24 -20 -8 0 10 7
118
119 2 0 0.4885630821804553 0.5114369178195447 7
120
121 2 0 0.7302218164240829 0.2697781835759171
