22 serialization::archive 10 0 0 1746953016 2 5 100 5 0.02 1 10 0 0 60 60 -10 10 0 0 10 0 4 8 TreeNode 1 0
0 1 0
1 0 0 0 0 23 -12 32 -7 -5 10 4
2
3 -11 -48 -3 4 0 10 4
4
5 19 -19 -29 -28 -5 10 4
6
7 -50 -17 26 -17 0 10 4
8
9 1 -13 56 49 -5 10 7 12 TerminalNode 1 0
10
11 2 0 0.89002557544757033 0.10997442455242967 7
12
13 2 0 0.5476772616136919 0.45232273838630804 7
14
15 2 0 1 0 4
16
17 -1 4 -51 0 -5 10 4
18
19 25 20 24 -13 0 10 7
20
21 2 0 0.78244972577696525 0.21755027422303475 7
22
23 2 0 1 0 4
24
25 -30 34 23 -16 0 10 7
26
27 2 0 0.19595645412130638 0.80404354587869364 7
28
29 2 0 0.96986817325800379 0.030131826741996232 4
30
31 -49 53 0 -7 0 10 4
32
33 26 16 31 -22 -5 10 4
34
35 -20 7 -27 11 -5 10 7
36
37 2 0 0.84313725490196079 0.15686274509803921 7
38
39 2 0 1 0 4
40
41 -9 10 8 -8 -5 10 7
42
43 2 0 1 0 7
44
45 2 0 0.21621621621621623 0.78378378378378377 7
46
47 2 0 1 0 4
48
49 -11 -1 -28 55 -5 10 4
50
51 -34 -37 9 -17 0 10 4
52
53 7 6 -21 -16 0 10 4
54
55 32 -50 -4 14 0 10 7
56
57 2 0 0.22703949723559128 0.77296050276440875 7
58
59 2 0 0.678362685165667 0.321637314834333 4
60
61 10 43 0 -32 0 10 7
62
63 2 0 0.91901215209721676 0.080987847902783225 7
64
65 2 0 0.56759443339960236 0.43240556660039764 4
66
67 -15 9 -4 -15 0 10 4
68
69 1 38 -31 -16 0 10 7
70
71 2 0 0.69368520263901978 0.30631479736098022 7
72
73 2 0 0.13126709206927986 0.86873290793072011 4
74
75 -8 6 -17 52 -5 10 7
76
77 2 0 0.9699427977119085 0.030057202288091524 7
78
79 2 0 0.84657210401891247 0.15342789598108747 4
80
81 -16 -58 11 0 0 10 4
82
83 -12 25 -36 0 -5 10 4
84
85 10 -7 29 -22 -5 10 7
86
87 2 0 0.12722103766879886 0.87277896233120111 7
88
89 2 0 0.69956796277833166 0.30043203722166834 4
90
91 22 -45 11 -5 0 10 7
92
93 2 0 0.1052940190986765 0.89470598090132347 7
94
95 2 0 0.3822721598002497 0.61772784019975036 4
96
97 21 -29 18 -17 0 10 4
98
99 46 -27 21 14 0 10 7
100
101 2 0 0.27200947493091199 0.72799052506908801 7
102
103 2 0 0.85412352296260208 0.14587647703739798 4
104
105 58 -17 -44 19 -5 10 7
106
107 2 0 0.6678082191780822 0.3321917808219178 7
108
109 2 0 0.95085284764382771 0.049147152356172306 4
110
111 -16 22 -4 31 -5 10 4
112
113 -59 -8 -2 -4 0 10 4
114
115 -33 -1 3 -44 -5 10 4
116
117 -29 14 -39 11 -5 10 7
118
119 2 0 1 0 4
120
121 -10 22 -12 49 -5 10 7
122
123 2 0 0.50588235294117645 0.49411764705882355 7
124
125 2 0 0.045023696682464455 0.95497630331753558 4
126
127 27 -55 2 17 0 10 4
128
129 4 3 -49 47 -5 10 7
130
131 2 0 0.054794520547945202 0.9452054794520548 7
132
133 2 0 0.67372881355932202 0.32627118644067798 4
134
135 -2 -14 41 1 0 10 7
136
137 2 0 0.96466133782078245 0.035338662179217502 7
138
139 2 0 0.083333333333333329 0.91666666666666663 4
140
141 -28 7 -28 12 -5 10 4
142
143 2 -4 -56 42 -5 10 7
144
145 2 0 1 0 4
146
147 -1 -4 -54 25 -5 10 7
148
149 2 0 1 0 7
150
151 2 0 0.10526315789473684 0.89473684210526316 4
152
153 15 -9 -18 -3 0 10 4
154
155 8 2 -40 -44 -5 10 7
156
157 2 0 1 0 7
158
159 2 0 0.90462427745664742 0.095375722543352595 7
160
161 2 0 1 0 4
162
163 -36 -15 -22 -10 0 10 4
164
165 12 3 23 -55 -5 10 4
166
167 52 -4 18 -6 -5 10 4
168
169 -6 -12 -36 30 -5 10 7
170
171 2 0 0.56544502617801051 0.43455497382198954 7
172
173 2 0 0.027284001653575859 0.97271599834642419 4
174
175 -41 -57 12 20 0 10 7
176
177 2 0 0.56991950831980165 0.43008049168019835 7
178
179 2 0 0.78284464143652688 0.21715535856347312 4
180
181 28 -40 -8 -21 0 10 4
182
183 54 41 -14 12 0 10 7
184
185 2 0 0.12940140845070422 0.87059859154929575 7
186
187 2 0 0.41971238560791224 0.58028761439208776 4
188
189 11 0 12 33 -5 10 7
190
191 2 0 0.90247933884297515 0.097520661157024791 7
192
193 2 0 0.45159443269908384 0.54840556730091616 4
194
195 -1 -11 49 15 -5 10 4
196
197 -24 0 43 17 -5 10 4
198
199 54 30 -6 13 0 10 7
200
201 2 0 0.90166164609853272 0.098338353901467307 7
202
203 2 0 0.98701514899284171 0.012984851007158316 4
204
205 -15 -22 56 -16 -5 10 7
206
207 2 0 0.91009427454587266 0.08990572545412738 7
208
209 2 0 0.33989957512553109 0.66010042487446896 4
210
211 7 -7 -25 9 0 10 4
212
213 23 13 18 -41 -5 10 7
214
215 2 0 0.65410086602139583 0.34589913397860417 7
216
217 2 0 0.15103092783505154 0.84896907216494844 4
218
219 -4 8 36 -41 -5 10 7
220
221 2 0 0.87575880210441115 0.12424119789558884 7
222
223 2 0 0 1 4
224
225 17 18 33 -39 -5 10 4
226
227 29 16 -3 38 0 10 4
228
229 36 -4 -7 -49 -5 10 4
230
231 12 21 33 19 0 10 4
232
233 -41 54 56 18 0 10 7
234
235 2 0 0.77940481813887574 0.22059518186112423 7
236
237 2 0 0.12334801762114538 0.87665198237885467 7
238
239 2 0 0 1 4
240
241 21 20 46 15 -5 10 4
242
243 18 36 29 13 -5 10 7
244
245 2 0 0.72104144527098835 0.27895855472901171 7
246
247 2 0 0.9656743915446524 0.034325608455347621 4
248
249 -13 37 3 -6 0 10 7
250
251 2 0 0.66009528503367831 0.33990471496632169 7
252
253 2 0 0.88576007326007322 0.11423992673992674 4
254
255 29 -39 -1 6 0 10 4
256
257 -1 31 -48 57 -5 10 4
258
259 -11 -4 -37 23 -5 10 7
260
261 2 0 1 0 7
262
263 2 0 0.0073490813648293962 0.99265091863517063 4
264
265 8 55 53 21 -5 10 7
266
267 2 0 0 1 7
268
269 2 0 1 0 4
270
271 25 -20 14 6 0 10 4
272
273 -19 -9 -11 3 0 10 7
274
275 2 0 0.011315417256011316 0.98868458274398874 7
276
277 2 0 1 0 4
278
279 19 57 -18 -14 -5 10 7
280
281 2 0 0.017492711370262391 0.98250728862973757 7
282
283 2 0 0.91301369863013704 0.086986301369863017 4
284
285 -55 3 -13 -5 0 10 4
286
287 15 -9 45 -47 -5 10 4
288
289 -35 -18 20 -19 0 10 4
290
291 60 -30 52 -21 0 10 7
292
293 2 0 0.55917795422699668 0.44082204577300327 7
294
295 2 0 0.024850042844901457 0.97514995715509856 4
296
297 4 -9 2 18 -5 10 7
298
299 2 0 0.93889268626110733 0.061107313738892687 7
300
301 2 0 0.21040723981900453 0.78959276018099545 4
302
303 -9 24 1 35 -5 10 4
304
305 57 -13 -14 25 0 10 7
306
307 2 0 0.51478670505103374 0.48521329494896626 7
308
309 2 0 0.95578383206788742 0.044216167932112548 4
310
311 16 45 -11 1 0 10 7
312
313 2 0 0.090920298341860328 0.90907970165813967 7
314
315 2 0 0.38161128812016387 0.61838871187983613 4
316
317 -35 8 4 9 0 10 4
318
319 -54 -59 5 -20 0 10 4
320
321 -19 56 -20 -17 0 10 7
322
323 2 0 0.33341570904897239 0.66658429095102767 7
324
325 2 0 0.75720237567591531 0.24279762432408475 4
326
327 -22 -41 -9 -22 0 10 7
328
329 2 0 0.55734406438631789 0.44265593561368211 7
330
331 2 0 0.90146094215861661 0.098539057841383421 4
332
333 10 11 17 13 -5 10 4
334
335 -59 48 10 4 0 10 7
336
337 2 0 0.61132075471698111 0.38867924528301889 7
338
339 2 0 0.97237196765498657 0.027628032345013476 4
340
341 -13 -8 -7 7 0 10 7
342
343 2 0 0.77816655003498947 0.2218334499650105 7
344
345 2 0 0.48446293124541229 0.51553706875458771 4
346
347 37 5 14 -19 0 10 4
348
349 -32 4 -20 13 0 10 4
350
351 -16 -24 5 -41 -5 10 4
352
353 14 47 2 -36 0 10 4
354
355 3 35 -1 -10 0 10 7
356
357 2 0 0.73554421768707479 0.26445578231292516 7
358
359 2 0 0.98259534169439466 0.017404658305605322 4
360
361 -32 -21 12 2 0 10 7
362
363 2 0 0.29892891918208375 0.70107108081791625 7
364
365 2 0 0.98644067796610169 0.013559322033898305 4
366
367 15 10 41 -40 -5 10 4
368
369 14 19 -39 -59 -5 10 7
370
371 2 0 0.78767207221927205 0.2123279277807279 7
372
373 2 0 0.48255406948896501 0.51744593051103493 4
374
375 -12 2 55 2 -5 10 7
376
377 2 0 0.51598252937538647 0.48401747062461348 7
378
379 2 0 0.14632436694996934 0.85367563305003069 4
380
381 -39 8 7 1 0 10 4
382
383 -26 13 -34 -10 -5 10 4
384
385 -24 -4 -28 -39 -5 10 7
386
387 2 0 1 0 7
388
389 2 0 0.95485175202156336 0.045148247978436661 4
390
391 -17 22 42 33 -5 10 7
392
393 2 0 0.87270973963355836 0.12729026036644167 7
394
395 2 0 0.46172839506172841 0.53827160493827164 4
396
397 -19 16 13 -13 -5 10 4
398
399 54 23 0 18 0 10 7
400
401 2 0 0.93163383545770573 0.068366164542294328 7
402
403 2 0 1 0 4
404
405 -56 -26 18 18 0 10 7
406
407 2 0 0.82196969696969702 0.17803030303030304 7
408
409 2 0 0.24630541871921183 0.75369458128078815 4
410
411 -6 -37 24 -7 -5 10 4
412
413 -6 -27 -7 -52 -5 10 4
414
415 -41 -15 9 -37 0 10 4
416
417 -9 -1 51 28 -5 10 7
418
419 2 0 1 0 7
420
421 2 0 0.25 0.75 4
422
423 -16 -26 16 18 0 10 7
424
425 2 0 0.026296566837107377 0.97370343316289265 7
426
427 2 0 0.15521628498727735 0.84478371501272265 4
428
429 -3 5 -33 2 -5 10 4
430
431 0 -12 -17 33 -5 10 7
432
433 2 0 0.99361313868613144 0.0063868613138686131 7
434
435 2 0 0.23076923076923078 0.76923076923076927 4
436
437 34 -49 -10 -4 0 10 7
438
439 2 0 0.10375 0.89624999999999999 7
440
441 2 0 0.87799564270152508 0.12200435729847495 4
442
443 59 23 -1 -32 0 10 4
444
445 14 -25 -43 -49 -5 10 4
446
447 8 -18 -10 43 -5 10 7
448
449 2 0 0.97532738660087304 0.024672613399126971 7
450
451 2 0 0.70231729055258463 0.29768270944741532 4
452
453 0 3 31 47 -5 10 7
454
455 2 0 0.88060686015831136 0.11939313984168866 7
456
457 2 0 0.4975634778148243 0.50243652218517565 4
458
459 11 43 23 -45 0 10 4
460
461 19 -9 60 51 -5 10 7
462
463 2 0 0.93593495934959348 0.06406504065040651 7
464
465 2 0 0.62913692407527577 0.37086307592472423 4
466
467 38 -24 -1 9 0 10 7
468
469 2 0 0.051428571428571428 0.94857142857142862 7
470
471 2 0 0.67105263157894735 0.32894736842105265 4
472
473 -16 -21 32 -55 -5 10 4
474
475 -1 -31 -52 -32 -5 10 4
476
477 4 48 2 -38 0 10 4
478
479 -12 -4 50 24 -5 10 4
480
481 36 47 -18 -44 0 10 7
482
483 2 0 0.96132286995515692 0.03867713004484305 7
484
485 2 0 0.65849056603773581 0.34150943396226413 4
486
487 -53 -33 -13 4 0 10 7
488
489 2 0 0.31153388822829964 0.68846611177170036 7
490
491 2 0 0.82007575757575757 0.17992424242424243 4
492
493 -49 -58 -11 -36 0 10 4
494
495 46 57 13 -4 0 10 7
496
497 2 0 0.71544715447154472 0.28455284552845528 7
498
499 2 0 1 0 4
500
501 -32 -47 8 -3 0 10 7
502
503 2 0 0.11337209302325581 0.88662790697674421 7
504
505 2 0 0.62735849056603776 0.37264150943396224 4
506
507 1 3 -36 54 -5 10 4
508
509 -4 4 -23 -18 0 10 4
510
511 51 -31 -5 -16 0 10 7
512
513 2 0 0.9841688654353562 0.015831134564643801 7
514
515 2 0 1 0 4
516
517 -42 -1 -27 38 -5 10 7
518
519 2 0 0.018181818181818181 0.98181818181818181 7
520
521 2 0 1 0 4
522
523 -33 0 -9 20 -5 10 4
524
525 -39 -14 -2 -50 -5 10 7
526
527 2 0 0.18587360594795538 0.81412639405204457 7
528
529 2 0 0.80306905370843995 0.1969309462915601 4
530
531 -21 -19 34 28 -5 10 7
532
533 2 0 0.97401049117787319 0.025989508822126847 7
534
535 2 0 0.5510976532929599 0.4489023467070401 4
536
537 2 5 -9 -9 0 10 4
538
539 -56 25 19 -11 0 10 4
540
541 -9 12 50 34 -5 10 4
542
543 -20 39 15 1 0 10 7
544
545 2 0 0.58482565744959181 0.41517434255040825 7
546
547 2 0 0.8172633892716743 0.18273661072832564 4
548
549 21 23 -13 -19 0 10 7
550
551 2 0 0.34434305095695711 0.65565694904304284 7
552
553 2 0 0.9382624768946396 0.061737523105360445 4
554
555 5 12 -9 38 -5 10 4
556
557 21 7 -37 -41 -5 10 7
558
559 2 0 0.95636457526465268 0.043635424735347275 7
560
561 2 0 0.80550938019472806 0.19449061980527191 4
562
563 36 6 57 52 -5 10 7
564
565 2 0 0.24369059324811537 0.75630940675188463 7
566
567 2 0 0.70837048595630847 0.29162951404369147 4
568
569 -53 29 13 -25 0 10 4
570
571 4 -4 51 11 -5 10 4
572
573 4 0 -58 14 -5 10 7
574
575 2 0 0.18990857539636616 0.81009142460363381 7
576
577 2 0 0.042870456663560111 0.95712954333643985 4
578
579 -4 9 -53 -50 -5 10 7
580
581 2 0 0.70916635231987935 0.29083364768012071 7
582
583 2 0 0.17626527050610821 0.82373472949389182 4
584
585 -8 -7 46 23 -5 10 4
586
587 -5 -20 31 52 -5 10 7
588
589 2 0 0.96501049685094475 0.03498950314905528 7
590
591 2 0 0.17582417582417584 0.82417582417582413 4
592
593 -19 -3 42 50 -5 10 7
594
595 2 0 0.953125 0.046875 7
596
597 2 0 0 1 4
598
599 16 -17 38 0 -5 10 4
600
601 -13 14 15 -7 0 10 4
602
603 -5 -37 -52 -52 -5 10 4
604
605 -19 -19 34 22 -5 10 4
606
607 -6 4 -9 -33 0 10 7
608
609 2 0 0.0098039215686274508 0.99019607843137258 7
610
611 2 0 0.96190476190476193 0.038095238095238099 4
612
613 -1 -32 45 -40 -5 10 7
614
615 2 0 0 1 7
616
617 2 0 0.077586206896551727 0.92241379310344829 4
618
619 15 22 3 49 -5 10 4
620
621 -12 -11 24 23 -5 10 7
622
623 2 0 0.10410094637223975 0.89589905362776023 7
624
625 2 0 0.92774869109947644 0.072251308900523559 4
626
627 -6 -1 -49 -60 -5 10 7
628
629 2 0 0.72511144130757799 0.27488855869242201 7
630
631 2 0 0.095311299000768637 0.90468870099923138 4
632
633 40 26 -1 -10 0 10 4
634
635 28 11 -31 -50 -5 10 4
636
637 18 -4 5 9 -5 10 7
638
639 2 0 0.24657534246575341 0.75342465753424659 7
640
641 2 0 0.96462133775566616 0.035378662244333885 4
642
643 2 -41 -19 -20 -5 10 7
644
645 2 0 0.07334273624823695 0.92665726375176305 7
646
647 2 0 0.51285046728971961 0.48714953271028039 4
648
649 0 41 21 -22 0 10 4
650
651 1 7 15 -7 0 10 7
652
653 2 0 0.96113495469718646 0.038865045302813546 7
654
655 2 0 0.65959194851430913 0.34040805148569081 4
656
657 9 1 -45 12 -5 10 7
658
659 2 0 1 0 7
660
661 2 0 0.96030729833546735 0.039692701664532648 4
662
663 13 -52 -1 6 0 10 4
664
665 -19 -21 -51 33 -5 10 4
666
667 -12 -20 -41 12 -5 10 4
668
669 -4 -11 -60 41 -5 10 7
670
671 2 0 0.96805273833671401 0.031947261663286007 7
672
673 2 0 0.025581395348837209 0.97441860465116281 4
674
675 -30 -19 29 7 -5 10 7
676
677 2 0 0 1 7
678
679 2 0 0.10852713178294573 0.89147286821705429 4
680
681 14 -18 -16 55 -5 10 4
682
683 29 36 5 -1 0 10 7
684
685 2 0 0.02387774594078319 0.97612225405921682 7
686
687 2 0 0.49086393471704809 0.50913606528295197 4
688
689 -24 47 15 -53 0 10 7
690
691 2 0 0.18267817193991689 0.81732182806008313 7
692
693 2 0 0.011911852293031567 0.9880881477069684 4
694
695 -18 19 45 -35 -5 10 4
696
697 -6 0 50 -36 -5 10 4
698
699 -18 9 4 28 0 10 7
700
701 2 0 0.91936055041230336 0.080639449587696671 7
702
703 2 0 0.41714836223506746 0.58285163776493254 4
704
705 40 -43 20 17 0 10 7
706
707 2 0 0.061481136469492312 0.93851886353050773 7
708
709 2 0 0.86087328767123283 0.13912671232876711 4
710
711 -29 29 13 -3 0 10 4
712
713 -19 -5 53 -29 -5 10 7
714
715 2 0 0.69092109271859448 0.30907890728140552 7
716
717 2 0 0.30796260690843996 0.69203739309155998 4
718
719 -5 11 -13 -46 -5 10 7
720
721 2 0 0.77317329332333085 0.22682670667666915 7
722
723 2 0 0.49157125353838355 0.50842874646161651 4
724
725 10 35 -17 20 0 10 4
726
727 12 -3 20 41 -5 10 4
728
729 17 -18 -36 -25 -5 10 4
730
731 -40 -46 -3 -36 0 10 4
732
733 35 6 26 19 -5 10 7
734
735 2 0 0.33137044967880086 0.6686295503211992 7
736
737 2 0 0.89634118967452303 0.103658810325477 4
738
739 2 -9 6 -3 0 10 7
740
741 2 0 0.73663853727144868 0.26336146272855132 7
742
743 2 0 0.047399605003291642 0.95260039499670834 4
744
745 19 -55 -5 3 0 10 4
746
747 3 40 24 11 0 10 7
748
749 2 0 0.17376851012390451 0.82623148987609552 7
750
751 2 0 0.84739099356683345 0.15260900643316655 4
752
753 -11 15 22 -9 -5 10 7
754
755 2 0 0.9423096217517809 0.057690378248219126 7
756
757 2 0 0.59124217258071676 0.40875782741928318 4
758
759 -43 49 -20 -9 0 10 4
760
761 -55 0 14 22 0 10 4
762
763 10 -3 -22 11 -5 10 7
764
765 2 0 0.45233308644587872 0.54766691355412123 7
766
767 2 0 0.18995201806378775 0.8100479819362123 4
768
769 -46 -26 3 33 0 10 7
770
771 2 0 0.91409628134909193 0.08590371865090804 7
772
773 2 0 0.46776519052523174 0.53223480947476831 4
774
775 -22 -49 -18 2 0 10 4
776
777 -15 -20 17 1 -5 10 7
778
779 2 0 0.75616339751664563 0.24383660248335431 7
780
781 2 0 0.039646396999732117 0.96035360300026784 4
782
783 -21 55 -40 8 0 10 7
784
785 2 0 0.91373893173379039 0.086261068266209648 7
786
787 2 0 0.55555555555555558 0.44444444444444442 4
788
789 -1 12 -56 -44 -5 10 4
790
791 -39 -13 -13 1 0 10 4
792
793 -37 2 56 11 -5 10 4
794
795 -16 -52 -8 1 0 10 7
796
797 2 0 0.11529126213592233 0.88470873786407767 7
798
799 2 0 0.76538461538461533 0.23461538461538461 4
800
801 7 3 -7 -18 -5 10 7
802
803 2 0 0.99924299772899317 0.00075700227100681302 7
804
805 2 0 0.50895140664961636 0.49104859335038364 4
806
807 -29 22 -4 23 -5 10 4
808
809 15 7 17 21 -5 10 7
810
811 2 0 0.011337868480725623 0.9886621315192744 7
812
813 2 0 0.73291925465838514 0.26708074534161491 4
814
815 -24 -31 -13 7 0 10 7
816
817 2 0 0.81771595900439242 0.1822840409956076 7
818
819 2 0 0.95959791223661317 0.040402087763386815 4
820
821 0 44 10 21 -5 10 4
822
823 -44 1 -31 11 0 10 7
824
825 2 0 0 1 7
826
827 2 0 1 0 4
828
829 19 45 -2 -18 0 10 4
830
831 33 -8 -25 -11 0 10 7
832
833 2 0 0.22939068100358423 0.77060931899641572 7
834
835 2 0 0.67695620961952618 0.32304379038047382 4
836
837 -39 11 -21 -19 0 10 7
838
839 2 0 0.81181619256017501 0.18818380743982493 7
840
841 2 0 0.9975683890577508 0.0024316109422492403 4
842
843 1 -12 43 -19 -5 10 4
844
845 -37 -20 -19 -1 0 10 4
846
847 15 -9 9 58 -5 10 4
848
849 -49 29 16 -21 0 10 4
850
851 9 3 -21 3 -5 10 7
852
853 2 0 0.73198863015196236 0.26801136984803758 7
854
855 2 0 0.21377517868745938 0.78622482131254057 4
856
857 15 -3 50 -59 -5 10 7
858
859 2 0 0.93728952398288889 0.062710476017111133 7
860
861 2 0 0.7216117216117216 0.2783882783882784 4
862
863 -60 -3 -15 -3 0 10 4
864
865 30 -52 2 22 0 10 7
866
867 2 0 0.15630505914925749 0.84369494085074248 7
868
869 2 0 0.45349794238683128 0.54650205761316872 4
870
871 6 -21 48 -3 -5 10 7
872
873 2 0 0.90714971209213047 0.092850287907869478 7
874
875 2 0 0.42516457582908956 0.57483542417091049 4
876
877 -21 11 3 -19 0 10 4
878
879 -10 11 50 21 -5 10 4
880
881 -42 13 8 10 0 10 7
882
883 2 0 0.77159290310001949 0.22840709689998051 7
884
885 2 0 0.97644595655587541 0.023554043444124574 4
886
887 -42 10 2 -24 -5 10 7
888
889 2 0 0.10188679245283019 0.89811320754716983 7
890
891 2 0 0.66995279089141901 0.33004720910858093 4
892
893 -10 -16 54 -38 -5 10 4
894
895 6 -18 -34 8 -5 10 7
896
897 2 0 1 0 7
898
899 2 0 0.98347728126173484 0.016522718738265114 4
900
901 12 54 17 -8 0 10 7
902
903 2 0 0.24013157894736842 0.75986842105263153 7
904
905 2 0 0.89207487056949419 0.10792512943050578 4
906
907 1 11 -30 56 -5 10 4
908
909 -13 25 52 -5 -5 10 4
910
911 8 36 57 -55 -5 10 4
912
913 -11 40 -40 -54 -5 10 7
914
915 2 0 0.10608856088560886 0.89391143911439119 7
916
917 2 0 1 0 4
918
919 -51 -40 5 1 0 10 7
920
921 2 0 0.85934151568283657 0.14065848431716346 7
922
923 2 0 0.98715936652874881 0.012840633471251249 4
924
925 -19 -3 -34 -5 -5 10 4
926
927 -35 19 0 18 0 10 7
928
929 2 0 0.76334445371142623 0.2366555462885738 7
930
931 2 0 0.99231163505894415 0.0076883649410558691 4
932
933 -31 -33 17 13 0 10 7
934
935 2 0 0.30284857571214391 0.69715142428785604 7
936
937 2 0 0.65588235294117647 0.34411764705882353 4
938
939 -1 -11 2 31 -5 10 4
940
941 -26 27 37 4 0 10 4
942
943 -59 -45 10 2 0 10 7
944
945 2 0 0.56679636835278857 0.43320363164721143 7
946
947 2 0 0.95081967213114749 0.049180327868852458 4
948
949 11 -21 -23 47 -5 10 7
950
951 2 0 0.55411449016100178 0.44588550983899822 7
952
953 2 0 0.098983253588516742 0.90101674641148322 4
954
955 -14 -60 -20 14 0 10 4
956
957 21 11 37 15 -5 10 7
958
959 2 0 0.30178359096313911 0.69821640903686089 7
960
961 2 0 0.041850683491062038 0.95814931650893798 4
962
963 -5 9 -33 -20 -5 10 7
964
965 2 0 0.59888734353268425 0.4011126564673157 7
966
967 2 0 0.12233502538071066 0.87766497461928938 4
968
969 58 58 20 18 0 10 4
970
971 0 -7 37 7 -5 10 4
972
973 23 -10 36 39 -5 10 4
974
975 36 43 34 -24 0 10 4
976
977 24 -12 -6 -55 -5 10 7
978
979 2 0 0.91246609403254975 0.087533905967450268 7
980
981 2 0 0.69322262118491917 0.30677737881508077 4
982
983 -50 -46 -17 -22 0 10 7
984
985 2 0 0.37374437131970906 0.62625562868029094 7
986
987 2 0 0.94928148774302623 0.050718512256973797 4
988
989 -27 -23 -19 -16 0 10 4
990
991 -15 16 -49 -52 -5 10 7
992
993 2 0 0.74693847620444376 0.25306152379555619 7
994
995 2 0 0.47639840527433081 0.52360159472566925 4
996
997 19 -6 -13 -54 -5 10 7
998
999 2 0 0.085446009389671368 0.9145539906103286 7
1000
1001 2 0 0.85843494189707481 0.14156505810292519 4
1002
1003 -33 54 -7 21 0 10 4
1004
1005 -7 -2 6 -2 0 10 4
1006
1007 -1 13 40 -23 -5 10 7
1008
1009 2 0 0.57033382322065929 0.42966617677934077 7
1010
1011 2 0 0.2357519254154844 0.7642480745845156 4
1012
1013 1 -8 30 50 -5 10 7
1014
1015 2 0 0.2867566581539584 0.71324334184604155 7
1016
1017 2 0 0.092831506450674173 0.90716849354932583 4
1018
1019 -14 19 13 -25 -5 10 4
1020
1021 -3 14 -57 -38 -5 10 7
1022
1023 2 0 0.80666761646958252 0.19333238353041743 7
1024
1025 2 0 0.0029154518950437317 0.99708454810495628 4
1026
1027 -31 -39 1 21 0 10 7
1028
1029 2 0 0 1 7
1030
1031 2 0 0.52470224966916634 0.47529775033083371 4
1032
1033 -50 12 34 -4 0 10 4
1034
1035 21 14 -49 34 -5 10 4
1036
1037 -57 10 17 6 0 10 4
1038
1039 52 -29 44 6 0 10 7
1040
1041 2 0 0.81756180733162831 0.18243819266837169 7
1042
1043 2 0 0.11389961389961389 0.88610038610038611 4
1044
1045 3 18 -11 -31 -5 10 7
1046
1047 2 0 0.96509070918086859 0.03490929081913139 7
1048
1049 2 0 0.86583360736599801 0.13416639263400199 4
1050
1051 2 40 -32 -36 -5 10 4
1052
1053 19 31 44 18 -5 10 7
1054
1055 2 0 0.02054340622929092 0.97945659377070904 7
1056
1057 2 0 0.67241379310344829 0.32758620689655171 4
1058
1059 -29 34 16 -22 0 10 7
1060
1061 2 0 0.66503667481662587 0.33496332518337407 7
1062
1063 2 0 0.95460358056265981 0.045396419437340151 4
1064
1065 17 9 -9 10 -5 10 4
1066
1067 8 26 12 -21 -5 10 4
1068
1069 30 -14 -37 54 -5 10 7
1070
1071 2 0 1 0 7
1072
1073 2 0 0 1 4
1074
1075 29 28 9 17 0 10 7
1076
1077 2 0 0.79600000000000004 0.20399999999999999 7
1078
1079 2 0 1 0 4
1080
1081 41 25 4 21 0 10 4
1082
1083 36 -4 -31 -19 -5 10 7
1084
1085 2 0 0.054253181513730743 0.94574681848626929 7
1086
1087 2 0 0.56862745098039214 0.43137254901960786 4
1088
1089 6 -31 15 13 0 10 7
1090
1091 2 0 0 1 7
1092
1093 2 0 0.8883928571428571 0.11160714285714286 4
1094
1095 -21 -14 -53 -30 -5 10 4
1096
1097 -3 24 -41 3 0 10 4
1098
1099 -3 -8 50 42 -5 10 4
1100
1101 10 41 -1 3 0 10 4
1102
1103 -2 -23 32 52 -5 10 7
1104
1105 2 0 0.79203627045140945 0.20796372954859058 7
1106
1107 2 0 0.45323426573426573 0.54676573426573427 4
1108
1109 0 7 -32 48 -5 10 7
1110
1111 2 0 0.98352025635156781 0.016479743648432136 7
1112
1113 2 0 0.86632200886262922 0.13367799113737075 4
1114
1115 22 -14 17 -32 -5 10 4
1116
1117 37 -36 5 -16 0 10 7
1118
1119 2 0 0.54107142857142854 0.45892857142857141 7
1120
1121 2 0 1 0 4
1122
1123 42 25 -33 -9 0 10 7
1124
1125 2 0 0.41383989145183175 0.58616010854816825 7
1126
1127 2 0 0.031205673758865248 0.96879432624113471 4
1128
1129 21 -31 -5 10 0 10 4
1130
1131 -56 32 -33 1 0 10 4
1132
1133 -38 12 -55 8 0 10 7
1134
1135 2 0 0.98001737619461338 0.01998262380538662 7
1136
1137 2 0 0.20430107526881722 0.79569892473118276 4
1138
1139 -24 -19 52 8 -5 10 7
1140
1141 2 0 0.020462931902046292 0.97953706809795371 7
1142
1143 2 0 0.23212627669452182 0.76787372330547821 4
1144
1145 16 0 56 -52 -5 10 4
1146
1147 10 -18 -29 27 -5 10 7
1148
1149 2 0 1 0 7
1150
1151 2 0 0 1 4
1152
1153 49 -48 -55 -23 0 10 7
1154
1155 2 0 0.99017418490397502 0.0098258150960250108 7
1156
1157 2 0 0.46666666666666667 0.53333333333333333 4
1158
1159 24 41 15 4 0 10 4
1160
1161 -47 -53 -17 15 0 10 4
1162
1163 11 -7 -44 20 -5 10 4
1164
1165 20 -59 15 -21 0 10 7
1166
1167 2 0 0.4300854700854701 0.56991452991452995 7
1168
1169 2 0 0.81505226480836235 0.18494773519163762 4
1170
1171 -17 -10 38 35 -5 10 7
1172
1173 2 0 0.36867287836816925 0.6313271216318308 7
1174
1175 2 0 0.16367411064975873 0.83632588935024132 4
1176
1177 -58 29 8 1 0 10 4
1178
1179 8 8 -23 13 0 10 7
1180
1181 2 0 0.42126395246125431 0.57873604753874563 7
1182
1183 2 0 0.90477581422520814 0.095224185774791886 4
1184
1185 28 28 -11 4 0 10 7
1186
1187 2 0 0.26434782608695651 0.73565217391304349 7
1188
1189 2 0 0.96926965544765198 0.030730344552348011 4
1190
1191 50 20 15 20 0 10 4
1192
1193 -5 -10 -33 21 -5 10 4
1194
1195 29 9 -30 23 -5 10 7
1196
1197 2 0 0.49234345091605142 0.50765654908394864 7
1198
1199 2 0 0.86399254753685129 0.13600745246314866 4
1200
1201 -4 -15 18 16 0 10 7
1202
1203 2 0 0.3261071236756018 0.6738928763243982 7
1204
1205 2 0 0.6878631728977086 0.3121368271022914 4
1206
1207 -52 23 9 19 0 10 4
1208
1209 -17 20 34 -2 -5 10 7
1210
1211 2 0 0.95189873417721516 0.04810126582278481 7
1212
1213 2 0 0.25428082191780821 0.74571917808219179 4
1214
1215 -7 35 -41 -9 -5 10 7
1216
1217 2 0 0.33023735810113519 0.66976264189886481 7
1218
1219 2 0 0.91893188359449951 0.081068116405500476
