22 serialization::archive 10 0 0 -858993460 2 5 100 5 0.02 1 10 0 0 60 60 -10 10 0 0 10 0 4 8 TreeNode 1 0
0 1 0
1 0 0 0 0 -37 45 19 16 0 10 4
2
3 -13 -17 12 15 -5 10 4
4
5 -55 16 6 -2 0 10 4
6
7 -52 -41 -21 -3 0 10 4
8
9 -18 17 -39 -38 -5 10 7 12 TerminalNode 1 0
10
11 2 0 0.6378030677882236 0.36219693221177635 7
12
13 2 0 0.14186450492182975 0.85813549507817022 4
14
15 -38 -21 2 -13 0 10 7
16
17 2 0 0.6097120271033315 0.39028797289666856 7
18
19 2 0 0.89829895041621421 0.10170104958378574 4
20
21 -18 28 1 8 0 10 4
22
23 -2 -18 58 -24 -5 10 7
24
25 2 0 0.8087966176563387 0.19120338234366127 7
26
27 2 0 0.34340412802871673 0.65659587197128333 4
28
29 10 -31 33 -46 -5 10 7
30
31 2 0 0.18227215980024969 0.81772784019975031 7
32
33 2 0 0.97817299919159262 0.021827000808407437 4
34
35 16 -19 25 51 -5 10 4
36
37 -5 -36 -26 52 -5 10 4
38
39 -3 -5 -41 58 -5 10 7
40
41 2 0 0.40649973361747471 0.59350026638252529 7
42
43 2 0 0.020318506315211423 0.97968149368478863 4
44
45 -9 -11 1 -33 0 10 7
46
47 2 0 0.88738013578777908 0.11261986421222089 7
48
49 2 0 0.44776931447225243 0.55223068552774757 4
50
51 -48 -18 -13 9 0 10 4
52
53 35 -55 14 8 0 10 7
54
55 2 0 0.13257228564286311 0.86742771435713695 7
56
57 2 0 0.46336123005060337 0.53663876994939663 4
58
59 40 46 -7 17 0 10 7
60
61 2 0 0.38746705212141824 0.6125329478785817 7
62
63 2 0 0.68606453431027192 0.31393546568972808 4
64
65 11 37 35 -1 0 10 4
66
67 -11 -25 26 16 0 10 4
68
69 -1 36 -28 23 -5 10 4
70
71 -7 2 -46 43 -5 10 7
72
73 2 0 0.97682926829268291 0.023170731707317073 7
74
75 2 0 0.36352279825109307 0.63647720174890698 4
76
77 3 51 -1 -2 0 10 7
78
79 2 0 0.59921568627450983 0.40078431372549017 7
80
81 2 0 0.93269009878244891 0.067309901217551107 4
82
83 14 4 52 56 -5 10 4
84
85 -12 -7 48 -57 -5 10 7
86
87 2 0 0.94616151545363913 0.053838484546360914 7
88
89 2 0 0.99958785547465312 0.00041214452534688831 4
90
91 -15 5 -36 -29 -5 10 7
92
93 2 0 0.99433656957928807 0.0056634304207119745 7
94
95 2 0 0.35616438356164382 0.64383561643835618 4
96
97 6 -2 56 -21 -5 10 4
98
99 4 54 8 16 0 10 4
100
101 -9 -15 38 3 -5 10 7
102
103 2 0 0.91538461538461535 0.08461538461538462 7
104
105 2 0 0.25026968716289105 0.749730312837109 4
106
107 -27 59 55 18 0 10 7
108
109 2 0 0.9442970822281167 0.055702917771883291 7
110
111 2 0 0.31631205673758866 0.68368794326241134 4
112
113 -20 16 22 36 -5 10 4
114
115 2 -53 4 -1 0 10 7
116
117 2 0 0.40242057488653554 0.5975794251134644 7
118
119 2 0 1 0 4
120
121 -15 44 22 3 0 10 7
122
123 2 0 0.62365591397849462 0.37634408602150538 7
124
125 2 0 0.043202979515828681 0.95679702048417137 4
126
127 -22 -12 -11 -44 0 10 4
128
129 -18 -21 24 -47 -5 10 4
130
131 -35 3 -12 -31 -5 10 4
132
133 -22 22 -25 -21 0 10 4
134
135 21 21 -52 -23 0 10 7
136
137 2 0 1 0 7
138
139 2 0 0 1 4
140
141 23 -39 -4 4 0 10 7
142
143 2 0 0 1 7
144
145 2 0 0.93388429752066116 0.066115702479338845 4
146
147 7 11 37 15 -5 10 4
148
149 -15 23 23 18 -5 10 7
150
151 2 0 0.92035894559730791 0.079641054402692091 7
152
153 2 0 0.25602836879432622 0.74397163120567378 4
154
155 -29 -28 56 37 -5 10 7
156
157 2 0 0.68881939014855353 0.31118060985144647 7
158
159 2 0 0.95755680367628282 0.042443196323717132 4
160
161 10 2 -10 -45 -5 10 4
162
163 -9 20 -32 30 -5 10 4
164
165 -30 -56 8 36 0 10 7
166
167 2 0 0.92280860409534271 0.077191395904657317 7
168
169 2 0 0.5921445144182963 0.4078554855817037 4
170
171 -39 27 12 -5 0 10 7
172
173 2 0 0.32394007013069814 0.67605992986930186 7
174
175 2 0 0.6561377842798245 0.34386221572017556 4
176
177 41 -2 -16 3 0 10 4
178
179 -9 -20 -13 -59 -5 10 7
180
181 2 0 0.39578644098316379 0.60421355901683627 7
182
183 2 0 0.11346358211395406 0.88653641788604598 4
184
185 -24 13 -59 56 -5 10 7
186
187 2 0 0.89844474199196622 0.10155525800803378 7
188
189 2 0 0.49418135729922802 0.50581864270077193 4
190
191 59 -9 15 -33 0 10 4
192
193 -31 32 -14 -31 0 10 4
194
195 9 -57 -6 -40 0 10 4
196
197 -7 -3 -12 -40 -5 10 7
198
199 2 0 0.90853658536585369 0.091463414634146339 7
200
201 2 0 0.082866043613707169 0.9171339563862928 4
202
203 -24 25 14 -18 0 10 7
204
205 2 0 0.80994764397905761 0.19005235602094242 7
206
207 2 0 1 0 4
208
209 24 -45 -22 17 0 10 4
210
211 -23 -45 -57 -34 -5 10 7
212
213 2 0 0.0018214936247723133 0.99817850637522765 7
214
215 2 0 0.32328502415458937 0.67671497584541063 4
216
217 -25 -45 15 -47 -5 10 7
218
219 2 0 0 1 7
220
221 2 0 0.96332863187588147 0.036671368124118475 4
222
223 37 30 -10 -47 0 10 4
224
225 -50 -7 16 -30 0 10 4
226
227 0 -55 -20 6 -5 10 7
228
229 2 0 1 0 7
230
231 2 0 0.44827586206896552 0.55172413793103448 7
232
233 2 0 0 1 4
234
235 8 -45 -2 -32 0 10 4
236
237 -8 7 -15 -30 -5 10 7
238
239 2 0 0.16666666666666666 0.83333333333333337 7
240
241 2 0 0.0066256507335541882 0.99337434926644586 4
242
243 6 2 8 -2 -5 10 7
244
245 2 0 0 1 7
246
247 2 0 1 0 4
248
249 29 -29 -22 -17 0 10 4
250
251 11 2 -21 45 -5 10 4
252
253 -12 17 59 -22 -5 10 4
254
255 19 -7 45 32 -5 10 4
256
257 34 18 -22 15 0 10 7
258
259 2 0 0.27847346451997612 0.72152653548002388 7
260
261 2 0 0.8484136310223267 0.15158636897767333 4
262
263 -5 17 33 34 -5 10 7
264
265 2 0 0.95600596529284165 0.043994034707158354 7
266
267 2 0 0.2608695652173913 0.73913043478260865 4
268
269 20 -33 17 -20 0 10 4
270
271 7 -12 32 12 -5 10 7
272
273 2 0 0.63866843033509701 0.36133156966490299 7
274
275 2 0 0.44105926574908855 0.55894073425091151 4
276
277 -52 31 12 -21 0 10 7
278
279 2 0 0.42364016736401672 0.57635983263598323 7
280
281 2 0 0.91705968450154496 0.082940315498455028 4
282
283 -37 -46 -19 6 0 10 4
284
285 -4 38 -16 -17 0 10 4
286
287 -58 -14 -11 -20 0 10 7
288
289 2 0 0.15090489232586865 0.84909510767413132 7
290
291 2 0 0.41100754549489571 0.58899245450510429 4
292
293 5 1 -47 14 -5 10 7
294
295 2 0 0.83719892952720787 0.16280107047279216 7
296
297 2 0 0.36154776299879082 0.63845223700120923 4
298
299 -16 17 -25 -54 -5 10 4
300
301 0 9 -33 39 -5 10 7
302
303 2 0 0.85251476642205115 0.14748523357794882 7
304
305 2 0 0.27005220692928333 0.72994779307071667 4
306
307 4 -8 2 59 -5 10 7
308
309 2 0 0.88801020408163267 0.11198979591836734 7
310
311 2 0 0.15332608958106966 0.84667391041893036 4
312
313 -31 4 -23 -12 0 10 4
314
315 -39 1 -26 23 -5 10 4
316
317 -39 3 -23 -59 -5 10 4
318
319 -54 12 -30 2 0 10 7
320
321 2 0 0.95652173913043481 0.043478260869565216 7
322
323 2 0 0.083333333333333329 0.91666666666666663 4
324
325 -16 -16 -52 42 -5 10 7
326
327 2 0 0.50931677018633537 0.49068322981366458 7
328
329 2 0 0.96984924623115576 0.03015075376884422 4
330
331 -29 -7 -10 -38 0 10 4
332
333 -60 -44 -8 -19 0 10 7
334
335 2 0 0.73991228070175441 0.26008771929824559 7
336
337 2 0 0.98686910135412387 0.013130898645876077 4
338
339 -22 20 -55 16 -5 10 7
340
341 2 0 1 0 7
342
343 2 0 0.13773314203730272 0.86226685796269731 4
344
345 3 56 -35 -25 0 10 4
346
347 -2 5 -23 -10 0 10 4
348
349 19 57 11 26 0 10 7
350
351 2 0 0.99939255884586176 0.00060744115413819289 7
352
353 2 0 0.9494949494949495 0.050505050505050504 4
354
355 -4 42 23 60 -5 10 7
356
357 2 0 0.12244897959183673 0.87755102040816324 7
358
359 2 0 0.96748410535876472 0.032515894641235242 4
360
361 7 -3 13 27 -5 10 4
362
363 -23 -4 -7 18 -5 10 7
364
365 2 0 0.27419354838709675 0.72580645161290325 7
366
367 2 0 0.95540138751238846 0.044598612487611496 4
368
369 25 -24 -29 -8 0 10 7
370
371 2 0 1 0 7
372
373 2 0 0.03117505995203837 0.9688249400479616 4
374
375 -18 16 15 12 -5 10 4
376
377 -3 38 -17 12 -5 10 4
378
379 3 39 -59 -55 -5 10 7
380
381 2 0 0 1 4
382
383 -15 -21 21 20 -5 10 4
384
385 10 -44 -20 -19 0 10 7
386
387 2 0 0.24175824175824176 0.75824175824175821 7
388
389 2 0 0.9527896995708155 0.047210300429184553 4
390
391 8 -30 -26 3 0 10 7
392
393 2 0 0.0073800738007380072 0.99261992619926198 7
394
395 2 0 1 0 4
396
397 4 1 58 27 -5 10 4
398
399 49 -51 -15 21 0 10 4
400
401 -3 -10 12 -19 -5 10 7
402
403 2 0 0.99552286536616563 0.0044771346338343459 7
404
405 2 0 0.37728459530026109 0.62271540469973885 4
406
407 16 -59 -5 16 0 10 7
408
409 2 0 0.48571428571428571 0.51428571428571423 7
410
411 2 0 0.98478183331351798 0.015218166686481988 4
412
413 57 -59 -17 -3 0 10 4
414
415 -18 25 54 28 -5 10 7
416
417 2 0 0.64131455399061033 0.35868544600938967 7
418
419 2 0 0.16939313984168866 0.83060686015831131 4
420
421 -6 15 37 -11 -5 10 7
422
423 2 0 0.84799235181644361 0.15200764818355642 7
424
425 2 0 0.53232323232323231 0.46767676767676769 4
426
427 16 19 39 30 -5 10 4
428
429 -40 -26 13 5 0 10 4
430
431 -41 53 -8 36 0 10 4
432
433 -8 -4 8 -41 -5 10 7
434
435 2 0 0.84279475982532748 0.15720524017467249 7
436
437 2 0 0.43258168430740912 0.56741831569259094 4
438
439 54 -29 -20 15 0 10 7
440
441 2 0 0.013418079096045197 0.9865819209039548 7
442
443 2 0 0.88461538461538458 0.11538461538461539 4
444
445 -59 -30 25 32 0 10 4
446
447 8 17 -11 -48 -5 10 7
448
449 2 0 0.89154427018504689 0.10845572981495312 7
450
451 2 0 0.33519074153450495 0.6648092584654951 4
452
453 26 -14 42 2 -5 10 7
454
455 2 0 0.97424892703862664 0.02575107296137339 7
456
457 2 0 0.30556593201344789 0.69443406798655216 4
458
459 46 -5 2 -11 0 10 4
460
461 21 -11 27 -4 -5 10 4
462
463 -6 41 56 -20 0 10 7
464
465 2 0 0.94489031567683257 0.055109684323167471 7
466
467 2 0 0.67594433399602383 0.32405566600397612 4
468
469 27 -36 0 -7 0 10 7
470
471 2 0 0.22119313538545354 0.7788068646145464 7
472
473 2 0 0.43382100811521318 0.56617899188478682 4
474
475 -43 -57 23 -12 0 10 4
476
477 -41 7 -13 9 -5 10 7
478
479 2 0 0.2217357310398749 0.77826426896012513 7
480
481 2 0 0.63439056263907034 0.3656094373609296 4
482
483 -7 39 15 -26 0 10 7
484
485 2 0 0.80147058823529416 0.19852941176470587 7
486
487 2 0 0.96550931248562888 0.034490687514371121 4
488
489 -17 19 10 38 -5 10 4
490
491 0 38 -22 14 -5 10 4
492
493 28 -24 5 48 0 10 4
494
495 -20 17 -20 -48 -5 10 4
496
497 -13 -9 42 -43 -5 10 7
498
499 2 0 0.0017331022530329288 0.99826689774696709 7
500
501 2 0 0.94594594594594594 0.054054054054054057 4
502
503 -12 -24 24 37 -5 10 7
504
505 2 0 0.86175115207373276 0.13824884792626729 7
506
507 2 0 0.2068771138669673 0.79312288613303272 4
508
509 -41 -17 12 58 0 10 4
510
511 -41 -16 7 4 0 10 7
512
513 2 0 0.43076923076923079 0.56923076923076921 7
514
515 2 0 0.9988839285714286 0.0011160714285714285 4
516
517 8 3 -8 42 0 10 7
518
519 2 0 1 0 7
520
521 2 0 0 1 4
522
523 -40 4 -49 7 -5 10 4
524
525 54 32 -23 -2 0 10 4
526
527 25 36 -14 6 0 10 7
528
529 2 0 0.26104417670682734 0.73895582329317266 7
530
531 2 0 1 0 4
532
533 -4 40 -41 1 0 10 7
534
535 2 0 0.30293159609120524 0.69706840390879476 7
536
537 2 0 0 1 4
538
539 46 2 -16 24 0 10 4
540
541 -53 47 1 -2 0 10 7
542
543 2 0 0.42005040604872584 0.5799495939512741 7
544
545 2 0 0.90966362920463495 0.090336370795365065 4
546
547 0 35 21 34 -5 10 7
548
549 2 0 0.80640063216120106 0.19359936783879889 7
550
551 2 0 0.97507382317179081 0.024926176828209138 4
552
553 -51 34 2 -6 0 10 4
554
555 47 -28 10 21 0 10 4
556
557 -24 -10 -47 26 -5 10 4
558
559 7 6 33 -50 -5 10 7
560
561 2 0 0.17472698907956319 0.82527301092043681 7
562
563 2 0 0.76085962505715588 0.23914037494284407 4
564
565 -24 -5 47 2 -5 10 7
566
567 2 0 0.17797017797017797 0.822029822029822 7
568
569 2 0 0.056265375763828271 0.94373462423617172 4
570
571 -48 23 19 22 0 10 4
572
573 -7 -1 -49 -2 -5 10 7
574
575 2 0 0.97555715312724656 0.024442846872753415 7
576
577 2 0 0.33632204940530652 0.66367795059469348 4
578
579 -58 45 23 27 0 10 7
580
581 2 0 0.99950322901142574 0.00049677098857426726 7
582
583 2 0 0.58595464520848572 0.41404535479151428 4
584
585 25 -12 41 9 -5 10 4
586
587 4 -39 39 -3 0 10 4
588
589 38 28 21 -21 0 10 7
590
591 2 0 0.85081867798665856 0.14918132201334142 7
592
593 2 0 0.98814328960645814 0.011856710393541877 4
594
595 -10 49 8 2 0 10 7
596
597 2 0 0.33632555356074206 0.66367444643925788 7
598
599 2 0 0.83726927252985883 0.16273072747014114 4
600
601 17 -43 19 16 0 10 4
602
603 -5 7 -39 5 0 10 7
604
605 2 0 0.54737597617542766 0.45262402382457229 7
606
607 2 0 0.10661589719181343 0.89338410280818659 4
608
609 18 10 -48 -51 -5 10 7
610
611 2 0 0.91056984458783963 0.089430155412160317 7
612
613 2 0 0.2111244019138756 0.7888755980861244 4
614
615 16 41 -21 -16 0 10 4
616
617 19 11 39 3 -5 10 4
618
619 -59 1 0 -6 0 10 4
620
621 -10 -8 18 19 0 10 4
622
623 33 7 31 54 -5 10 7
624
625 2 0 0.59692092372288319 0.40307907627711687 7
626
627 2 0 0.11416807037244993 0.88583192962755009 4
628
629 3 13 -33 -60 -5 10 7
630
631 2 0 0.93060353586669375 0.069396464133306232 7
632
633 2 0 0.16407599309153714 0.83592400690846291 4
634
635 43 53 -12 -17 0 10 4
636
637 54 -35 18 4 0 10 7
638
639 2 0 0.373046875 0.626953125 7
640
641 2 0 0.91396484994606941 0.086035150053930587 4
642
643 -8 26 20 29 -5 10 7
644
645 2 0 1 0 7
646
647 2 0 0.24285714285714285 0.75714285714285712 4
648
649 32 -20 -16 18 0 10 4
650
651 8 -17 27 -33 -5 10 4
652
653 -12 -1 43 40 -5 10 7
654
655 2 0 0.84154469868755588 0.15845530131244417 7
656
657 2 0 0.5164549953282348 0.48354500467176526 4
658
659 -10 54 9 4 0 10 7
660
661 2 0 0.20785005512679161 0.79214994487320833 7
662
663 2 0 0.4667521072608074 0.5332478927391926 4
664
665 26 59 5 33 0 10 4
666
667 1 -6 57 -2 -5 10 7
668
669 2 0 0.93546655213142915 0.06453344786857082 7
670
671 2 0 0.67389598344866952 0.32610401655133053 4
672
673 -22 -29 11 7 0 10 7
674
675 2 0 0.12014631401238042 0.87985368598761959 7
676
677 2 0 0.79867389993972271 0.20132610006027726 4
678
679 -38 7 -58 38 -5 10 4
680
681 -44 22 -28 -16 0 10 4
682
683 -59 -11 -19 20 -5 10 4
684
685 -4 9 -8 39 -5 10 7
686
687 2 0 1 0 7
688
689 2 0 0.022727272727272728 0.97727272727272729 4
690
691 39 -54 -2 6 0 10 7
692
693 2 0 0.22222222222222221 0.77777777777777779 7
694
695 2 0 1 0 4
696
697 26 38 -6 12 0 10 4
698
699 -37 -33 17 -14 0 10 7
700
701 2 0 0.0015136226034308778 0.99848637739656909 7
702
703 2 0 0.029792746113989636 0.97020725388601037 4
704
705 4 -4 29 53 -5 10 7
706
707 2 0 0.066666666666666666 0.93333333333333335 7
708
709 2 0 1 0 4
710
711 -26 -27 15 -48 -5 10 4
712
713 36 55 21 -21 0 10 4
714
715 37 -2 -38 0 0 10 7
716
717 2 0 0.58175438596491225 0.4182456140350877 7
718
719 2 0 0.027027027027027029 0.97297297297297303 7
720
721 2 0 1 0 4
722
723 -6 -16 -56 -54 -5 10 4
724
725 20 41 -20 -2 0 10 7
726
727 2 0 0.76948849676122399 0.23051150323877598 7
728
729 2 0 0.94763679152775049 0.052363208472249463 4
730
731 27 -12 -44 -41 -5 10 7
732
733 2 0 0.92541951522684895 0.074580484773151032 7
734
735 2 0 0.53482674133706687 0.46517325866293313 4
736
737 13 18 48 16 0 10 4
738
739 -40 4 -28 -13 0 10 4
740
741 47 -47 -1 11 0 10 4
742
743 58 35 0 -19 0 10 4
744
745 -12 -11 24 14 0 10 7
746
747 2 0 0.2588683670477866 0.7411316329522134 7
748
749 2 0 0.88572574178027264 0.11427425821972735 4
750
751 -32 -21 35 -56 -5 10 7
752
753 2 0 0.24475743348982787 0.75524256651017219 7
754
755 2 0 0.68423851625340693 0.31576148374659307 4
756
757 -13 -48 -15 -9 0 10 4
758
759 10 16 54 -13 -5 10 7
760
761 2 0 0.72000974531006956 0.2799902546899305 7
762
763 2 0 0.40959985315712188 0.59040014684287812 4
764
765 7 19 34 -5 -5 10 7
766
767 2 0 0.60306526605820565 0.3969347339417944 7
768
769 2 0 0.86575255102040816 0.13424744897959184 4
770
771 4 -54 -35 0 0 10 4
772
773 -30 -29 46 60 -5 10 4
774
775 40 -11 6 0 0 10 7
776
777 2 0 0.18709677419354839 0.81290322580645158 7
778
779 2 0 0.97799999999999998 0.021999999999999999 4
780
781 6 4 -19 30 -5 10 7
782
783 2 0 0.9443516972732332 0.055648302726766831 7
784
785 2 0 0.99746664414794795 0.0025333558520520181 4
786
787 -56 23 -6 -3 0 10 4
788
789 -1 2 -60 -33 -5 10 7
790
791 2 0 0.58505154639175261 0.41494845360824745 7
792
793 2 0 0.045454545454545456 0.95454545454545459 4
794
795 15 -21 -21 33 -5 10 7
796
797 2 0 0.95813460519342875 0.041865394806571275 7
798
799 2 0 0.68862960420956298 0.31137039579043696 4
800
801 15 -48 39 12 0 10 4
802
803 27 21 7 12 0 10 4
804
805 46 54 15 13 0 10 7
806
807 2 0 1 0 7
808
809 2 0 0 1 7
810
811 2 0 1 0 4
812
813 -36 -55 40 0 0 10 7
814
815 2 0 1 0 4
816
817 38 16 -13 28 -5 10 4
818
819 31 -7 -5 38 -5 10 7
820
821 2 0 0.0061420345489443381 0.99385796545105565 7
822
823 2 0 0.048309178743961352 0.95169082125603865 4
824
825 -17 -29 2 13 0 10 7
826
827 2 0 0.049382716049382713 0.95061728395061729 7
828
829 2 0 0.80821917808219179 0.19178082191780821 4
830
831 -16 25 -3 29 -5 10 4
832
833 -38 -33 -30 29 0 10 4
834
835 -7 18 -19 12 0 10 7
836
837 2 0 1 0 4
838
839 -1 -4 32 -23 -5 10 7
840
841 2 0 1 0 4
842
843 -7 15 -15 35 0 10 7
844
845 2 0 0.75 0.25 7
846
847 2 0 0 1 4
848
849 -41 12 -31 -10 0 10 7
850
851 2 0 0 1 7
852
853 2 0 1 0 4
854
855 8 45 8 13 -5 10 4
856
857 35 -31 23 -16 0 10 4
858
859 -2 -50 7 -17 0 10 4
860
861 1 29 -2 -38 -5 10 7
862
863 2 0 0.018894137260350097 0.98110586273964995 7
864
865 2 0 0.49583333333333335 0.50416666666666665 4
866
867 -10 23 -5 0 0 10 7
868
869 2 0 0.096982758620689655 0.90301724137931039 7
870
871 2 0 0.7397769516728625 0.26022304832713755 4
872
873 -9 1 27 44 0 10 4
874
875 22 42 -41 2 -5 10 7
876
877 2 0 0.90140845070422537 0.098591549295774641 7
878
879 2 0 1 0 7
880
881 2 0 0 1 4
882
883 -41 47 18 16 0 10 4
884
885 13 -58 -1 -7 0 10 4
886
887 -14 15 -36 46 -5 10 7
888
889 2 0 0.45942440711462451 0.54057559288537549 7
890
891 2 0 0.2281134401972873 0.7718865598027127 4
892
893 -59 -27 -17 -14 0 10 7
894
895 2 0 0.55183075886309285 0.4481692411369072 7
896
897 2 0 0.73600535893714414 0.26399464106285586 4
898
899 13 2 37 56 -5 10 4
900
901 7 16 -26 -39 -5 10 7
902
903 2 0 0.87314429928741089 0.12685570071258909 7
904
905 2 0 0.42302674494455317 0.57697325505544683 4
906
907 -14 25 -30 -25 -5 10 7
908
909 2 0 0.80349999999999999 0.19650000000000001 7
910
911 2 0 0.22513713331743382 0.77486286668256621 4
912
913 -26 -31 22 -18 0 10 4
914
915 -43 -19 -3 6 0 10 4
916
917 -58 -25 -12 -20 0 10 4
918
919 25 24 28 13 0 10 4
920
921 14 -21 -19 -55 -5 10 7
922
923 2 0 0.46822033898305082 0.53177966101694918 7
924
925 2 0 0.16106240330067045 0.83893759669932955 4
926
927 -17 -10 11 4 0 10 7
928
929 2 0 0.74132492113564674 0.25867507886435331 7
930
931 2 0 0.9925864909390445 0.0074135090609555188 4
932
933 6 1 19 59 -5 10 4
934
935 10 22 -28 11 0 10 7
936
937 2 0 0.97705339909929234 0.0229466009007077 7
938
939 2 0 0 1 4
940
941 -3 -15 25 -10 -5 10 7
942
943 2 0 0.64839556925887865 0.35160443074112141 7
944
945 2 0 0.01912568306010929 0.98087431693989069 4
946
947 -17 -13 58 -50 -5 10 4
948
949 44 46 -2 -7 0 10 4
950
951 34 -28 -18 19 0 10 7
952
953 2 0 0 1 7
954
955 2 0 0.68943374197314655 0.31056625802685345 4
956
957 -13 -1 -36 7 -5 10 7
958
959 2 0 0.88731374172185429 0.1126862582781457 7
960
961 2 0 0.58309317963496643 0.41690682036503363 4
962
963 -5 -47 12 17 0 10 4
964
965 14 -10 -51 39 -5 10 7
966
967 2 0 0.77172946727757641 0.22827053272242359 7
968
969 2 0 0.40843076176220722 0.59156923823779284 4
970
971 10 58 6 0 0 10 7
972
973 2 0 0.49511506730351718 0.50488493269648282 7
974
975 2 0 0.77326465124134436 0.22673534875865564 4
976
977 39 -16 5 -49 -5 10 4
978
979 2 40 35 6 0 10 4
980
981 -47 -30 12 2 0 10 4
982
983 -14 -21 -48 53 -5 10 7
984
985 2 0 0.82421227197346603 0.175787728026534 7
986
987 2 0 0.21556420233463036 0.78443579766536964 4
988
989 55 7 27 44 -5 10 7
990
991 2 0 0.56521739130434778 0.43478260869565216 7
992
993 2 0 0.9919724770642202 0.008027522935779817 4
994
995 -7 -39 30 -26 0 10 4
996
997 -16 -17 39 51 -5 10 7
998
999 2 0 0.029739776951672861 0.97026022304832715 7
1000
1001 2 0 0 1 4
1002
1003 14 -46 24 -22 0 10 7
1004
1005 2 0 0.84347826086956523 0.15652173913043479 7
1006
1007 2 0 0.039301310043668124 0.9606986899563319 4
1008
1009 -33 -57 3 -7 0 10 4
1010
1011 22 18 -18 -25 -5 10 4
1012
1013 28 -16 27 -40 -5 10 7
1014
1015 2 0 0.080459770114942528 0.91954022988505746 7
1016
1017 2 0 0.97055937193326791 0.029440628066732092 4
1018
1019 -38 -14 -21 -18 0 10 7
1020
1021 2 0 0.063721940622737144 0.93627805937726283 7
1022
1023 2 0 0.94795539033457255 0.05204460966542751 4
1024
1025 5 -10 37 8 -5 10 4
1026
1027 -6 -37 -24 17 -5 10 7
1028
1029 2 0 0 1 7
1030
1031 2 0 0.97339538150847305 0.026604618491526913 4
1032
1033 -19 -18 -33 59 -5 10 7
1034
1035 2 0 0.94964028776978415 0.050359712230215826 7
1036
1037 2 0 0.27972027972027974 0.72027972027972031 4
1038
1039 39 -5 24 -8 0 10 4
1040
1041 -20 6 -36 1 -5 10 4
1042
1043 -23 14 40 49 -5 10 4
1044
1045 -39 -59 2 20 0 10 4
1046
1047 16 -5 -24 -2 0 10 7
1048
1049 2 0 0.6830357142857143 0.3169642857142857 7
1050
1051 2 0 0.95107097858042844 0.04892902141957161 4
1052
1053 -39 49 -13 28 0 10 7
1054
1055 2 0 0.96551724137931039 0.034482758620689655 7
1056
1057 2 0 1 0 4
1058
1059 -19 -12 17 -57 -5 10 4
1060
1061 0 -13 -20 25 -5 10 7
1062
1063 2 0 0.9877455397368895 0.012254460263110471 7
1064
1065 2 0 0.57832641468210622 0.42167358531789384 4
1066
1067 4 15 -57 -37 -5 10 7
1068
1069 2 0 0.754324038122132 0.24567596187786797 7
1070
1071 2 0 0.17289562289562291 0.82710437710437712 4
1072
1073 8 -1 -7 60 -5 10 4
1074
1075 -5 20 -12 -39 -5 10 4
1076
1077 14 32 59 -7 -5 10 7
1078
1079 2 0 0.39694309927360777 0.60305690072639229 7
1080
1081 2 0 0.84799301117292747 0.1520069888270725 4
1082
1083 -26 -23 4 -16 0 10 7
1084
1085 2 0 0.37253890465136275 0.62746109534863725 7
1086
1087 2 0 0.64054032828084506 0.35945967171915494 4
1088
1089 19 -5 -22 -20 0 10 4
1090
1091 2 38 -20 -18 0 10 7
1092
1093 2 0 0.28001492689215318 0.71998507310784676 7
1094
1095 2 0 0.73690658499234307 0.26309341500765698 4
1096
1097 -13 -8 -34 46 -5 10 7
1098
1099 2 0 0.87489997332622027 0.12510002667377967 7
1100
1101 2 0 0.088685015290519878 0.91131498470948014 4
1102
1103 -45 -49 2 -6 0 10 4
1104
1105 -38 33 22 20 0 10 4
1106
1107 -3 -9 49 -32 -5 10 4
1108
1109 -22 -7 36 -19 -5 10 7
1110
1111 2 0 0.83432835820895523 0.16567164179104477 7
1112
1113 2 0 0 1 4
1114
1115 -29 -17 7 15 0 10 7
1116
1117 2 0 0.033744855967078193 0.96625514403292179 7
1118
1119 2 0 0.8529411764705882 0.14705882352941177 4
1120
1121 37 -4 40 34 -5 10 4
1122
1123 -12 40 -6 -13 0 10 7
1124
1125 2 0 0.031372549019607843 0.96862745098039216 7
1126
1127 2 0 1 0 4
1128
1129 2 28 -8 27 -5 10 7
1130
1131 2 0 0 1 7
1132
1133 2 0 0.90317812269031783 0.096821877309682183 4
1134
1135 24 -17 -23 -27 -5 10 4
1136
1137 5 -15 -54 48 -5 10 7
1138
1139 2 0 1 0 4
1140
1141 -25 -14 -32 -39 -5 10 7
1142
1143 2 0 0.98799313893653518 0.012006861063464836 7
1144
1145 2 0 0.65271317829457365 0.34728682170542635 4
1146
1147 -8 43 19 8 0 10 4
1148
1149 24 -15 -37 -2 -5 10 7
1150
1151 2 0 0.94679966749792188 0.053200332502078139 7
1152
1153 2 0 0.27114243323442139 0.72885756676557867 4
1154
1155 42 49 0 10 0 10 7
1156
1157 2 0 0.63023522662076881 0.36976477337923119 7
1158
1159 2 0 0.9975342887964247 0.0024657112035752814
