22 serialization::archive 10 0 0 -122461384 2 6 200 5 0.02 1 10 0 0 60 60 -10 10 0 0 3 0 4 8 TreeNode 1 0
0 1 0
1 0 0 0 0 22 -10 38 -1 -5 10 4
2
3 22 -15 9 45 -5 10 4
4
5 -50 53 23 -18 0 10 4
6
7 -27 12 2 6 0 10 4
8
9 1 6 55 -25 -5 10 4
10
11 30 -12 40 18 -5 10 7 12 TerminalNode 1 0
12
13 2 0 0.69444444444444442 0.30555555555555558 7
14
15 2 0 1 0 4
16
17 8 8 -19 29 -5 10 7
18
19 2 0 0.24812030075187969 0.75187969924812026 7
20
21 2 0 0.81405895691609975 0.18594104308390022 4
22
23 59 -60 3 -9 0 10 4
24
25 31 37 8 -7 0 10 7
26
27 2 0 1 0 7
28
29 2 0 0.5 0.5 7
30
31 2 0 1 0 4
32
33 -28 -12 34 -3 0 10 4
34
35 0 -13 -48 53 -5 10 4
36
37 -42 28 20 -13 0 10 7
38
39 2 0 0 1 7
40
41 2 0 0.9996313137519971 0.00036868624800294952 4
42
43 -45 25 -9 9 0 10 7
44
45 2 0 1 0 7
46
47 2 0 0.85074626865671643 0.14925373134328357 4
48
49 3 -11 31 49 -5 10 4
50
51 1 60 3 -1 0 10 7
52
53 2 0 0.46354166666666669 0.53645833333333337 7
54
55 2 0 0.98812469074715492 0.011875309252845126 4
56
57 12 -15 -11 -11 0 10 7
58
59 2 0 0.18421052631578946 0.81578947368421051 7
60
61 2 0 0.88636363636363635 0.11363636363636363 4
62
63 -26 -22 19 2 0 10 4
64
65 -5 4 56 27 -5 10 4
66
67 -57 -30 -2 3 0 10 7
68
69 2 0 0 1 7
70
71 2 0 1 0 4
72
73 17 -19 51 -6 -5 10 4
74
75 -2 5 39 30 -5 10 7
76
77 2 0 1 0 7
78
79 2 0 0.22739726027397261 0.77260273972602744 4
80
81 -16 11 0 5 0 10 7
82
83 2 0 0 1 7
84
85 2 0 0.054054054054054057 0.94594594594594594 4
86
87 -44 15 2 10 0 10 4
88
89 0 5 48 57 -5 10 4
90
91 -4 -10 30 -46 -5 10 7
92
93 2 0 0.83563218390804594 0.16436781609195403 7
94
95 2 0 0.37369519832985387 0.62630480167014613 4
96
97 -47 -57 3 8 0 10 7
98
99 2 0 0.074018877297565816 0.92598112270243416 7
100
101 2 0 0.95327102803738317 0.046728971962616821 4
102
103 -22 58 6 16 0 10 4
104
105 27 -44 -54 15 -5 10 7
106
107 2 0 0.076923076923076927 0.92307692307692313 7
108
109 2 0 0.96792763157894735 0.032072368421052634 4
110
111 -3 20 12 -25 -5 10 7
112
113 2 0 0.96341463414634143 0.036585365853658534 7
114
115 2 0 1 0 4
116
117 -2 12 -46 -18 -5 10 4
118
119 -53 30 -14 -6 0 10 4
120
121 -51 10 15 13 0 10 4
122
123 -13 17 16 15 -5 10 4
124
125 -19 21 -49 43 -5 10 7
126
127 2 0 0.92734930244801261 0.072650697551987359 7
128
129 2 0 0.43981209630064594 0.56018790369935412 4
130
131 13 -4 45 -16 -5 10 7
132
133 2 0 0.45614346590909088 0.54385653409090906 7
134
135 2 0 0.093400091033227134 0.90659990896677289 4
136
137 -8 -1 -51 31 -5 10 4
138
139 29 -7 -59 -44 -5 10 7
140
141 2 0 0.25696101829753382 0.74303898170246618 7
142
143 2 0 0.92297979797979801 0.077020202020202017 4
144
145 16 19 60 3 -5 10 7
146
147 2 0 0.78787472335859432 0.21212527664140568 7
148
149 2 0 0.240559934125397 0.759440065874603 4
150
151 -11 35 2 20 0 10 4
152
153 43 39 -22 -6 0 10 4
154
155 7 10 -25 34 -5 10 7
156
157 2 0 0.85356329319882851 0.14643670680117149 7
158
159 2 0 0.27845235645194483 0.72154764354805512 4
160
161 -7 9 -33 7 0 10 7
162
163 2 0 0.91498797354179195 0.085012026458208059 7
164
165 2 0 0.12011173184357542 0.87988826815642462 4
166
167 -14 2 57 -27 -5 10 7
168
169 2 0 1 0 4
170
171 -20 26 7 -23 0 10 7
172
173 2 0 0.73563218390804597 0.26436781609195403 7
174
175 2 0 0.98617511520737322 0.013824884792626729 4
176
177 -15 -21 -24 1 -5 10 4
178
179 0 -20 40 19 -5 10 4
180
181 28 -49 -12 -6 0 10 4
182
183 -7 -33 53 -33 -5 10 7
184
185 2 0 0.6428571428571429 0.35714285714285715 7
186
187 2 0 0 1 4
188
189 6 -1 4 -5 0 10 7
190
191 2 0 0.97419792904430491 0.025802070955695127 7
192
193 2 0 0.75139275766016711 0.24860724233983286 4
194
195 -11 -25 30 -55 -5 10 4
196
197 -4 -40 6 -27 -5 10 7
198
199 2 0 0.13084112149532709 0.86915887850467288 7
200
201 2 0 0 1 4
202
203 -5 -18 -58 -26 -5 10 7
204
205 2 0 0.95238095238095233 0.047619047619047616 7
206
207 2 0 0 1 4
208
209 19 52 -1 -14 0 10 4
210
211 23 15 -28 28 -5 10 4
212
213 -56 -50 -12 -7 0 10 7
214
215 2 0 0.86886564762670959 0.13113435237329044 7
216
217 2 0 0.1223021582733813 0.87769784172661869 4
218
219 -7 -14 -39 -12 -5 10 7
220
221 2 0 0.40667634252539914 0.59332365747460092 7
222
223 2 0 0.092408622305529528 0.90759137769447051 4
224
225 -12 -20 -15 48 -5 10 4
226
227 -17 -19 -50 -50 -5 10 7
228
229 2 0 0.98407392843098707 0.015926071569012976 7
230
231 2 0 0.52743050448595385 0.4725694955140462 4
232
233 13 -18 -3 -54 -5 10 7
234
235 2 0 0.70840937807103743 0.29159062192896251 7
236
237 2 0 0.23862447698744771 0.76137552301255229 4
238
239 -18 -17 2 44 -5 10 4
240
241 35 -16 -35 7 0 10 4
242
243 6 -58 -16 -2 0 10 4
244
245 8 -5 -55 -40 -5 10 4
246
247 25 -28 12 -27 0 10 4
248
249 -14 -22 -56 28 -5 10 7
250
251 2 0 0.90171606864274567 0.098283931357254287 7
252
253 2 0 0.24442379182156135 0.75557620817843862 4
254
255 -37 -6 12 16 0 10 7
256
257 2 0 0.9859154929577465 0.014084507042253521 7
258
259 2 0 0.67724867724867721 0.32275132275132273 4
260
261 13 -50 -10 26 0 10 4
262
263 -31 12 7 -4 0 10 7
264
265 2 0 0.04310833806012479 0.95689166193987518 7
266
267 2 0 1 0 4
268
269 -38 20 7 -7 0 10 7
270
271 2 0 0.76692708333333337 0.23307291666666666 7
272
273 2 0 0.071917808219178078 0.92808219178082196 4
274
275 43 -26 -4 -16 0 10 4
276
277 -28 14 24 -8 -5 10 7
278
279 2 0 1 0 4
280
281 -10 10 23 -20 0 10 7
282
283 2 0 0.47430723701910144 0.52569276298089862 7
284
285 2 0 0.98767123287671232 0.012328767123287671 4
286
287 7 -33 -55 20 -5 10 4
288
289 1 28 -8 -38 0 10 7
290
291 2 0 1 0 7
292
293 2 0 0.007575757575757576 0.99242424242424243 4
294
295 20 53 3 0 0 10 7
296
297 2 0 0.82048440715529525 0.17951559284470475 7
298
299 2 0 0.95669962495738148 0.04330037504261848 4
300
301 8 -18 -3 10 0 10 4
302
303 -13 -20 50 -12 -5 10 4
304
305 -34 48 -6 5 0 10 7
306
307 2 0 0 1 4
308
309 -49 -18 -7 -42 -5 10 7
310
311 2 0 0 1 7
312
313 2 0 0.94666666666666666 0.053333333333333337 7
314
315 2 0 0 1 7
316
317 2 0 1 0 4
318
319 -59 45 12 1 0 10 4
320
321 -16 11 -28 -24 -5 10 4
322
323 -15 19 -30 56 -5 10 4
324
325 57 32 0 8 0 10 4
326
327 -24 -9 -15 21 0 10 7
328
329 2 0 0.2495049504950495 0.7504950495049505 7
330
331 2 0 0 1 4
332
333 -22 15 12 -25 -5 10 7
334
335 2 0 0.91820811782238976 0.081791882177610242 7
336
337 2 0 0.69175627240143367 0.30824372759856633 4
338
339 6 -5 -57 16 -5 10 4
340
341 39 38 8 8 0 10 7
342
343 2 0 0.89368770764119598 0.10631229235880399 7
344
345 2 0 1 0 4
346
347 -21 -10 51 16 -5 10 7
348
349 2 0 0.62187159956474425 0.3781284004352557 7
350
351 2 0 0.099379637513684463 0.9006203624863155 4
352
353 -52 -20 5 -13 0 10 4
354
355 9 21 -12 31 -5 10 4
356
357 12 23 -43 1 -5 10 7
358
359 2 0 0.48452696728558797 0.51547303271441203 7
360
361 2 0 0.087655222790357923 0.91234477720964202 4
362
363 -55 38 3 -10 0 10 7
364
365 2 0 0.0041168398353264067 0.9958831601646736 7
366
367 2 0 0.067884472969637122 0.93211552703036282 4
368
369 -57 -14 -12 -17 0 10 4
370
371 14 -1 -25 37 -5 10 7
372
373 2 0 0.6588235294117647 0.3411764705882353 7
374
375 2 0 0.075319986872333447 0.92468001312766657 4
376
377 7 -1 43 58 -5 10 7
378
379 2 0 0.66356320025248539 0.33643679974751461 7
380
381 2 0 0.083595387840670859 0.91640461215932911 4
382
383 18 20 -4 43 -5 10 4
384
385 33 -46 -1 35 0 10 4
386
387 32 52 8 15 0 10 4
388
389 38 -1 -53 -17 -5 10 7
390
391 2 0 0.018404907975460124 0.98159509202453987 7
392
393 2 0 0.77713178294573648 0.22286821705426357 4
394
395 0 46 -1 -5 0 10 7
396
397 2 0 0.94101654846335703 0.058983451536643028 7
398
399 2 0 0.9976325757575758 0.0023674242424242425 4
400
401 -1 37 13 -49 -5 10 4
402
403 0 7 -52 -27 -5 10 7
404
405 2 0 0.76996805111821087 0.23003194888178913 7
406
407 2 0 0.15850945494994439 0.84149054505005561 4
408
409 -30 -35 0 2 0 10 7
410
411 2 0 0.20987654320987653 0.79012345679012341 7
412
413 2 0 0.96336996336996339 0.036630036630036632 4
414
415 -3 -9 -46 -42 -5 10 4
416
417 14 -17 35 33 -5 10 4
418
419 -1 6 -44 -22 -5 10 7
420
421 2 0 0.9647170462387854 0.035282953761214632 7
422
423 2 0 0.66912568306010933 0.33087431693989072 4
424
425 14 12 22 -28 -5 10 7
426
427 2 0 0.89499825723248516 0.10500174276751481 7
428
429 2 0 0.45902399932515081 0.54097600067484919 4
430
431 -18 28 17 14 0 10 4
432
433 -54 28 -7 19 0 10 7
434
435 2 0 0.10913290347416033 0.89086709652583962 7
436
437 2 0 0.9002433090024331 0.099756690997566913 4
438
439 -3 -3 -23 39 -5 10 7
440
441 2 0 0.73523086654016445 0.26476913345983555 7
442
443 2 0 0.38542254315694457 0.61457745684305543 4
444
445 21 17 58 25 -5 10 4
446
447 35 2 -24 17 -5 10 4
448
449 30 2 54 -6 -5 10 4
450
451 -50 39 41 -1 0 10 4
452
453 3 -3 19 41 -5 10 4
454
455 2 16 31 44 -5 10 7
456
457 2 0 0.96842105263157896 0.031578947368421054 7
458
459 2 0 0.67630057803468213 0.32369942196531792 4
460
461 -10 16 -16 20 -5 10 7
462
463 2 0 0.21865889212827988 0.78134110787172006 7
464
465 2 0 0.59444941808415397 0.40555058191584603 4
466
467 -37 45 28 13 0 10 7
468
469 2 0 1 0 4
470
471 35 -10 -14 46 -5 10 7
472
473 2 0 0 1 7
474
475 2 0 0.097856477166821998 0.902143522833178 4
476
477 21 15 -2 -2 -5 10 4
478
479 40 -7 -39 15 -5 10 4
480
481 -27 -59 57 15 0 10 7
482
483 2 0 0.97222222222222221 0.027777777777777776 7
484
485 2 0 0.086419753086419748 0.9135802469135802 4
486
487 56 3 23 0 -5 10 7
488
489 2 0 0.29729729729729731 0.70270270270270274 7
490
491 2 0 0.93640897755610975 0.063591022443890269 4
492
493 12 4 59 50 -5 10 7
494
495 2 0 1 0 4
496
497 -15 21 -30 -57 -5 10 7
498
499 2 0 1 0 7
500
501 2 0 0 1 4
502
503 40 55 22 11 0 10 4
504
505 2 37 -26 21 -5 10 4
506
507 11 -7 -29 -50 -5 10 4
508
509 -3 -42 21 -21 0 10 7
510
511 2 0 0.012974976830398516 0.9870250231696015 7
512
513 2 0 0.97959183673469385 0.020408163265306121 4
514
515 -7 40 -59 -21 -5 10 7
516
517 2 0 0 1 7
518
519 2 0 0.97959183673469385 0.020408163265306121 4
520
521 15 1 -9 57 -5 10 4
522
523 -14 -49 3 35 0 10 7
524
525 2 0 1 0 7
526
527 2 0 0.97297297297297303 0.027027027027027029 4
528
529 -49 -51 7 34 0 10 7
530
531 2 0 0.50691244239631339 0.49308755760368661 7
532
533 2 0 0.98181818181818181 0.018181818181818181 4
534
535 39 38 20 20 0 10 4
536
537 -43 -38 -5 2 0 10 4
538
539 3 -4 -5 -58 -5 10 7
540
541 2 0 0.85277777777777775 0.14722222222222223 7
542
543 2 0 0 1 4
544
545 -15 11 2 7 -5 10 7
546
547 2 0 0.57407407407407407 0.42592592592592593 7
548
549 2 0 0.98815984213122843 0.011840157868771583 4
550
551 -1 -1 -37 8 -5 10 4
552
553 -19 25 2 -2 0 10 7
554
555 2 0 0.99504950495049505 0.0049504950495049506 7
556
557 2 0 1 0 4
558
559 -1 -34 -53 47 -5 10 7
560
561 2 0 0.52727272727272723 0.47272727272727272 7
562
563 2 0 0.98262279888785908 0.017377201112140871 4
564
565 -9 -3 -17 30 -5 10 4
566
567 -28 -7 13 14 0 10 4
568
569 11 -18 -30 -37 -5 10 4
570
571 -4 -11 -36 -59 -5 10 4
572
573 -40 -47 14 -22 0 10 7
574
575 2 0 0.81435107151456776 0.18564892848543221 7
576
577 2 0 0.98690135079819896 0.013098649201801064 4
578
579 23 3 -33 -22 -5 10 7
580
581 2 0 0.70268361581920902 0.29731638418079098 7
582
583 2 0 0.019715224534501644 0.9802847754654983 4
584
585 -16 1 59 44 -5 10 4
586
587 -17 21 5 -14 -5 10 7
588
589 2 0 0.93577716842257175 0.064222831577428197 7
590
591 2 0 0.59229925405879769 0.40770074594120226 4
592
593 -42 19 -12 1 0 10 7
594
595 2 0 0.10205728116175877 0.89794271883824117 7
596
597 2 0 0.35990494707280191 0.64009505292719815 4
598
599 -53 -27 1 9 0 10 4
600
601 -6 34 4 35 0 10 4
602
603 -5 -6 17 -7 0 10 7
604
605 2 0 0.073068893528183715 0.92693110647181631 7
606
607 2 0 0.84848484848484851 0.15151515151515152 7
608
609 2 0 1 0 4
610
611 -13 -2 -33 -29 -5 10 7
612
613 2 0 1 0 4
614
615 14 5 47 -38 -5 10 7
616
617 2 0 0.96043498380379455 0.039565016196205463 7
618
619 2 0 0.69527363184079605 0.30472636815920395 4
620
621 20 -14 -28 21 -5 10 4
622
623 15 -5 54 24 -5 10 4
624
625 17 -22 -10 -12 0 10 4
626
627 25 -14 31 -3 0 10 7
628
629 2 0 0.92116495104192819 0.078835048958071807 7
630
631 2 0 0.39872068230277186 0.6012793176972282 4
632
633 -51 14 19 -9 0 10 7
634
635 2 0 1 0 7
636
637 2 0 0.056537102473498232 0.94346289752650181 4
638
639 -6 -2 53 27 -5 10 4
640
641 10 -26 -47 57 -5 10 7
642
643 2 0 0.10714285714285714 0.8928571428571429 7
644
645 2 0 0 1 7
646
647 2 0 0 1 4
648
649 -7 27 3 44 -5 10 4
650
651 7 4 4 18 0 10 4
652
653 -36 -40 -25 43 0 10 7
654
655 2 0 0.84691762138570648 0.1530823786142935 7
656
657 2 0 0.32518955349620893 0.67481044650379107 4
658
659 -17 3 -57 22 -5 10 7
660
661 2 0 0.88076490438695165 0.11923509561304838 7
662
663 2 0 0.19504851120776179 0.80495148879223821 4
664
665 -30 58 17 13 0 10 4
666
667 9 -8 -18 18 0 10 7
668
669 2 0 0.11263027058036142 0.88736972941963854 7
670
671 2 0 0.56734559789750327 0.43265440210249673 4
672
673 17 19 22 -11 -5 10 7
674
675 2 0 0.62326574172892213 0.37673425827107793 7
676
677 2 0 0.32166116092496461 0.67833883907503545
