138.334
138.011
137.895
138.089
137.932
137.745
137.537
137.118
136.598
135.663
135.366
134.693
134.188
134.038
134.227
134.895
135.435
135.697
135.772
135.688
135.222
134.886
134.448
134.263
133.648
133.32
132.825
132.418
132.026
131.853
131.351
131.312
131.28
131.428
131.636
131.628
131.832
131.833
131.814
131.711
131.747
131.472
131.317
131.132
131.37
131.576
131.922
132.243
132.444
132.691
132.77
132.741
132.604
132.682
132.588
132.683
132.745
132.843
132.658
132.958
132.827
132.744
132.468
132.492
132.4
132.085
132.393
132.13
132.135
132.186
132.164
132.194
132.217
132.083
131.895
132.03
131.912
132.053
132.092
132.265
132.488
132.583
132.461
132.283
132.198
131.915
131.861
132.073
132.31
132.249
132.421
132.712
132.655
132.636
132.295
132.092
131.813
131.675
131.666
131.546
131.441
131.545
131.373
131.408
131.188
131.32
131.189
131.079
131.373
131.505
131.59
131.685
131.746
131.653
131.621
131.576
131.638
131.48
131.508
131.854
132.022
132.105
132.135
132.507
132.661
132.949
132.974
132.965
132.987
132.901
132.95
132.983
132.908
132.815
132.926
132.918
133.098
133.159
133.02
133.188
133.005
132.727
132.65
132.374
132.097
132.322
132.402
132.763
133.073
133.486
133.648
133.206
130.575
124.926
122.557
121.757
122.039
125.465
128.914
132.585
134.06
134.298
134.038
132.532
128.088
126.803
126.72
127.588
130.776
133.667
135.504
136.204
135.893
132.883
128.64
127.153
126.635
126.857
129.937
133.93
136.178
136.475
136.283
133.342
127.847
124.425
123.032
122.803
123.697
127.995
130.541
133.418
135.372
136.243
136.596
136.596
135.93
133.929
130.755
128.795
127.133
127.115
127.716
130.402
133.047
135.88
136.559
136.79
136.683
134.821
131.981
129.847
128.997
129.121
130.648
133.522
136.556
139.243
141.165
141.519
141.984
141.47
140.363
137.157
135.608
135.213
135.072
136.527
138.961
141.364
142.705
144.091
144.608
144.787
144.09
141.885
138.543
137.196
136.233
135.91
135.507
135.507
135.413
135.293
134.963
134.725
134.363
134.107
133.782
133.399
133.119
133.362
133.649
133.89
134.551
135.129
135.327
135.555
135.698
135.804
135.778
135.601
135.566
135.393
135.335
135.697
135.85
136.029
136.32
136.607
136.827
136.678
136.465
136.526
136.32
136.413
136.22
136.222
136.107
135.817
135.98
135.881
135.878
135.854
136.04
135.85
135.767
135.895
135.978
135.801
135.796
135.898
135.797
135.893
135.746
135.775
135.85
136.054
136.083
136.249
136.523
136.523
136.579
136.773
136.501
136.894
136.635
136.905
136.753
136.776
136.6
136.967
136.783
136.463
136.521
136.614
136.543
136.512
136.227
136.158
136.035
135.772
135.568
135.49
135.921
135.71
135.875
136.145
136.073
135.921
136.081
136.07
136.175
135.839
135.87
135.742
135.593
135.372
135.416
135.243
135.04
134.946
135.148
135.1
135.149
135.056
135.039
134.942
134.814
134.612
134.547
134.597
134.518
134.229
134.18
134.208
134.347
134.437
134.841
134.775
134.877
134.658
134.913
134.794
134.869
134.851
134.927
134.773
134.801
134.808
134.727
134.873
134.888
135.079
135.102
135.055
135.052
135.153
135.42
135.465
135.65
135.75
135.52
135.512
135.738
136.106
136.13
136.218
136.254
136.373
136.631
136.557
136.712
136.595
136.663
136.751
136.62
136.626
136.585
136.711
136.509
136.493
136.552
136.324
136.394
136.383
136.364
136.104
136.15
136.267
136.105
136.317
136.023
136.081
136.109
136.105
135.881
135.876
135.73
135.892
135.693
135.592
135.521
135.417
135.446
135.31
135.326
135.427
135.028
135.398
135.05
134.967
135.023
134.045
130.066
127.393
126.149
125.843
127.379
130.522
130.392
131.913
132.334
132.054
132.866
130.41
132.034
129.024
129.737
125.891
125.358
124.209
123.995
125.458
128.842
129.9
128.64
128.397
129.639
129.148
128.071
128.875
128.656
128.684
129.969
133.573
137.108
139.907
138.218
137.608
136.593
136.192
136.432
136.145
136.065
136.223
136.732
136.89
137.574
137.631
137.788
138.021
138.287
138.724
139.309
139.825
140.143
139.724
138.324
136.501
134.502
132.978
132.13
131.628
131.578
131.517
131.407
131.03
130.769
130.553
130.771
131.146
130.921
131.4
131.54
131.611
131.415
131.412
131.535
131.313
131.418
131.324
131.09
131.314
131.147
130.976
131.143
130.835
130.785
130.424
130.18
130.189
130.327
130.015
130.152
129.893
129.59
129.482
129.198
129.073
128.916
128.723
128.465
127.783
124.446
122.06
120.558
120.095
121.848
126.074
128.933
129.883
131.497
132.592
133.506
133.816
133.998
134.01
134.098
133.891
133.648
133.43
133.41
133.335
133.38
133.895
134.749
135.236
135.478
135.423
135.053
134.314
133.237
132.109
131.019
130.352
129.994
129.454
128.997
129.084
128.985
129.225
129.49
129.764
130.455
130.817
131.337
130.928
130.907
131.198
131.245
130.731
130.535
130.197
130.06
130.057
129.989
129.945
129.995
129.752
129.788
129.923
130.069
130.537
130.915
132.272
133.486
134.856
136.746
140.443
143.915
147.891
154.161
159.044
164.648
167.674
171.062
172.489
172.857
172.879
173.297
173.162
173.22
173.428
173.346
173.554
173.109
173.319
173.098
172.861
172.537
172.573
172.549
172.362
172.301
172.048
171.841
171.766
171.689
171.948
171.894
172.198
172.111
172.002
172.162
172.071
172.284
172.222
172.186
171.993
172.058
171.934
171.95
171.812
171.76
171.702
171.736
171.727
171.813
171.833
171.867
171.954
172.019
172.161
172.123
172.168
172.193
172.19
172.102
172.018
171.972
171.864
171.795
171.67
171.742
171.831
171.849
171.802
171.873
172.049
172.152
172.074
172.244
172.196
172.112
172.269
172.27
172.289
172.106
172.07
172.098
172.027
171.856
171.952
171.875
172.054
171.935
172.112
172.128
172.203
172.277
172.247
172.558
172.447
172.266
172.286
172.174
172.204
172.139
172.087
172.114
172.244
172.287
172.275
172.426
172.421
172.363
172.446
172.486
172.433
172.3
172.323
172.36
172.146
172.057
172.135
172.149
172.262
172.334
172.259
172.329
172.256
172.294
172.344
172.322
172.266
172.428
172.464
172.372
172.331
172.406
172.252
172.22
172.194
172.172
172.176
172.259
172.247
172.173
172.277
172.15
172.191
172.2
172.24
172.364
172.336
172.352
172.238
172.295
172.2
172.109
172.246
172.27
172.292
172.497
172.382
172.453
172.341
172.314
172.333
172.239
172.255
172.289
172.182
172.196
172.074
172.164
172.457
171.949
171.837
171.786
171.713
171.784
171.95
172.029
172.035
172.005
172.074
172.247
172.161
172.036
172.11
171.961
171.9
171.956
171.936
171.94
171.961
172.042
172.1
172.133
172.088
172.186
172.119
172.165
172.243
172.304
172.222
172.237
172.179
172.129
172.211
172.13
172.017
172.108
172.15
172.162
172.185
172.305
172.24
172.208
172.303
172.41
172.327
172.289
172.374
172.281
172.363
172.495
172.509
172.299
172.35
172.299
172.355
172.263
172.48
172.492
172.377
172.444
172.324
172.358
172.208
172.317
172.519
172.271
172.203
172.285
172.302
172.181
172.27
172.335
172.53
172.427
172.318
172.235
172.443
172.346
172.313
172.407
172.341
172.325
172.511
172.445
172.406
172.383
172.24
172.419
172.528
172.415
172.555
172.525
172.479
172.507
172.559
172.488
172.509
172.56
172.533
172.545
172.674
172.392
172.66
172.417
172.337
172.459
172.602
172.464
172.484
172.477
172.373
172.357
172.22
172.262
172.23
172.307
172.19
172.166
172.096
172.123
172.163
172.168
172.36
172.396
172.374
172.485
172.572
172.442
172.279
171.399
160.74
153.35
143.695
139.335
135.983
133.917
133.175
132.18
132.33
132.136
132.188
131.851
131.984
131.623
131.025
130.915
130.899
130.855
130.717
130.978
130.449
130.6
130.752
130.353
131.331
131.913
131.733
130.877
130.832
130.949
130.628
130.203
130.071
129.975
129.797
130.14
129.9
130.241
130.247
130.144
130.229
130.28
130.04
130.011
130.705
130.406
130.408
130.797
131.94
132.49
132.475
132.803
132.599
132.277
132.289
131.998
131.45
130.862
130.123
129.087
129.744
131.952
131.972
132.495
132.711
132.938
132.888
132.786
132.598
132.848
133.246
133.101
133.427
133.237
132.928
132.833
132.626
131.731
130.745
129.578
128.757
128.068
127.686
126.751
126.209
125.559
125.208
124.495
124.051
123.575
123.584
123.471
123.89
124.277
124.827
125.095
124.935
124.469
121.893
119.864
118.428
