8630.66
56.8433
56.8605
57.2517
57.0575
56.5654
57.0038
56.7995
56.8678
57.3977
57.1038
57.2892
57.0643
57.1393
57.1135
56.8208
56.6193
57.0959
57.4109
57.3312
57.5629
57.718
57.1898
57.5154
57.3447
57.0483
57.6781
57.5936
57.6569
57.9546
57.394
57.2641
57.5995
57.3715
57.6956
58.1868
57.6546
57.6067
57.7785
58.1818
58.0875
58.3439
58.5455
58.2691
58.1555
58.1889
58.5093
58.9296
58.7353
58.6964
58.9054
58.9734
59.3959
59.0612
58.9554
59.0075
58.8305
58.9763
59.2637
59.1183
59.2422
59.0573
58.5851
58.9397
59.004
58.5798
58.8017
59.0531
59.2586
59.1788
59.4852
59.2639
59.2058
59.8327
59.7395
59.5035
59.4871
59.0416
59.31
59.5245
59.551
59.0008
58.6838
59.2172
59.0975
59.4278
59.5663
59.5355
59.3112
59.2803
59.4492
59.0903
59.0152
58.9147
58.8944
58.8944
58.7361
58.2003
58.132
58.6936
59.016
59.2298
59.8317
59.5621
59.2083
59.1211
58.8851
58.4401
58.3201
58.8214
58.643
58.5559
58.4585
58.2678
57.3973
57.1618
57.8619
57.5145
58.5469
58.4469
